2 1 0 1200
x1 x2 f
-0.12985918140788777 0.9511149122036735 0.6566956047812388
0.282041957476596 -0.3412957171844957 0.3945370396818968
-0.9061424464903356 -0.6379977870009481 -0.3912363261039067
-0.6624696346039305 -0.20860466367343822 -0.5715637992741198
0.14388659993980557 0.7846622139673218 0.7209164934696353
-0.6733086210751724 -0.5175817061829739 -0.3588778711480921
0.907651655151223 0.5728427665809059 1.1103514713142226
0.796044938519727 -0.5928461322115748 1.0588700321677
-0.44229730853759164 0.496222839237608 -0.18426053122815222
0.40937448812148536 0.6046822679200756 0.7555832431023914
0.14887348443160398 0.5874375288884963 0.4865988163894676
-0.8370757217858731 -0.3399084951496345 -0.6274071872196005
-0.4887341640691232 -0.503951680660307 -0.2182626578074811
0.23110762801003681 -0.9642914168148304 1.0305908460727975
-0.10204146538530079 0.6280570317273084 0.2824412111211328
-0.7968276938167693 0.6295185548220137 -0.329140453156705
-0.024165337248145402 -0.09788203071863655 -0.014582240009874398
0.3454029019432989 -0.10730759139508295 0.35009047562217416
-0.22495731433881394 -0.9160184790131845 0.5209705707466461
0.07310572859910613 -0.009051152791068828 0.07312255107597906
-0.9107566260021884 -0.8273902100545314 -0.15762440445646353
0.1893770028940065 -0.8243889469045302 0.8167423457352516
0.8840930007209167 -0.5403535233130348 1.0611911104370937
-0.26817762281704205 0.8991673888466563 0.4582788480778413
-0.9750916488521777 0.8866257114794354 -0.12014679405545758
-0.36270405785455506 0.17815856801209562 -0.32306851535372516
0.3000567231073885 -0.407421307070543 0.4608052926469153
0.7196110009599419 0.6627357280604558 1.0843245734878473
0.41820254704630666 -0.07088534046561468 0.4111432711758986
0.28863722249334933 -0.5273771669405254 0.559200883467904
0.2256162223140732 -0.7060443982885185 0.7018144870091292
-0.36138512271045276 -0.8224465293183356 0.2724337326358616
0.660776966861498 0.3669445281033019 0.7479722541516857
0.16082400966105048 -0.9268579592642341 0.9173642818943144
0.19099522258874213 0.6773710778004509 0.6327369499339601
-0.44453431073734073 0.8655153340555701 0.25095476432930724
-0.25006120991072933 -0.8480393191358453 0.41129769704505126
-0.20575009786852827 0.7124859365954361 0.2818114059593211
0.9472578609751345 0.15244023995889244 0.8350533280921536
-0.8914141850033885 0.7354822841960564 -0.2630240448613037
-0.13362462711787293 0.49325991891408294 0.10768460642576655
-0.12691049218627715 0.7315982437825601 0.38347394969428084
-0.400679325738605 0.3258189275172605 -0.28408525848014765
0.18612030217909248 -0.18201739324565702 0.2181718745181097
-0.24702021270066754 -0.12613829686662603 -0.22860551360981815
-0.17407856773126462 0.9645124188097778 0.6285891115334888
0.5316520505822266 -0.29798270242227587 0.5956351089033424
-0.9437014847320144 -0.4693057437638164 -0.5912641316876652
0.43535185506659246 -0.19396831407872606 0.4593442932570847
0.8439017122004098 0.27597886029965224 0.8233324076426323
-0.5579948532194474 -0.3298626861696605 -0.42089144939867057
0.5880258503547846 -0.6780645638244451 0.9984629332102298
0.8289011815381284 -0.8343179904819138 1.378408918648612
0.7760941097805933 -0.8010613538450495 1.2990548853071737
0.6392635320493509 0.25814900387008644 0.6631961552954166
0.42441455813130613 -0.5098416137187243 0.6688084413690053
0.07845492063843396 -0.33556281776423313 0.19073906361635456
0.675411561860259 -0.06164723895363955 0.629018945922734
0.22968506958548596 -0.5117081830533627 0.48653423349389524
0.20681530742427934 -0.052111732251257425 0.20805974949156542
-0.35929428769501004 -0.44555562718739794 -0.15439523598276833
0.9563404113294391 0.7423130814839347 1.340651193714919
0.7384111116360668 0.8655884637710447 1.3541986777205577
-0.9333182630550443 0.41254083830183674 -0.6342297431931665
-0.44291141988471217 0.644671521693347 -0.02483158636424787
-0.9330104228020233 -0.7223121799692791 -0.3050310827289334
0.9604809256019173 0.03725604399517546 0.8208553063681882
0.5073042219572224 -0.6025092825818892 0.8409193840755889
0.13948104165107034 0.32277965931043084 0.24302753689081907
0.18798608123701 0.855722231727754 0.8554332612315696
0.02582179478129043 -0.4202917150527674 0.2015468255994745
-0.6379874397186183 0.18585086694007136 -0.5610462898914735
0.2387108823136821 0.3289219138114656 0.34442894933678037
0.17998412943833086 -0.987552082901693 1.0068612275006326
-0.13414977313235754 -0.9464564635994146 0.6469488753761954
-0.7293233466756242 -0.7799397702058108 -0.09488706552744697
0.8604553838079172 0.7572419885345945 1.300643942639458
-0.4027799056306134 -0.09006528095871058 -0.38386563109218075
-0.9707534908440301 -0.47411283481183686 -0.6024166199628702
0.750576840852605 0.759846473971652 1.2278800666362295
-0.32129050897497513 -0.8085396807781273 0.29236537897471665
-0.7347097770870046 0.04280284758044961 -0.6685397483810801
-0.013329576918814201 0.4976106189185263 0.23176450703481058
0.4706404884176971 -0.08767273322952307 0.4611436640720632
-0.5636612073407083 0.5286801606223648 -0.25840691419735773
0.12703336696202316 -0.13931717963352086 0.14610003413266376
-0.25301057523221404 -0.23829818371303668 -0.1935643073258519
-0.1365155839956993 0.5672914026950098 0.18020125649833937
0.6593140859609485 -0.3535071225690296 0.7372171152979404
0.7309325927781016 -0.7393122956463005 1.1873351145635103
0.6864514800652852 -0.7890333669714533 1.216924274104398
-0.14722031527268564 0.10602761932533267 -0.13544746754977785
0.4303167815126776 -0.751079442226579 0.951831373510597
-0.9707406281262194 0.18362380954696866 -0.791592848849965
-0.12414911522865268 0.8029892542341384 0.4772015644213156
-0.17127551489586557 -0.43781563702455895 0.020071541295025863
0.283874303787804 -0.6718318224286015 0.7162649235877099
0.6421715830695318 0.9584187141405158 1.393668167625374
0.9533894559907714 -0.8143682840412105 1.4310207145679088
-0.17768448533686043 0.510190619307229 0.0806141206726734
0.9415742334678161 0.9172166853873054 1.553986723167149
0.09193403137540201 -0.9376306966176553 0.8620024497687865
-0.17349585261800327 -0.4448058553619929 0.023937167841173113
-0.025126733207032848 -0.4183460702005646 0.14899727752095937
0.5212445898397604 -0.7255743814571061 1.0004341037111975
0.35017791033694334 0.3872566966209321 0.4924711697604488
-0.6120496903869097 -0.234232389175145 -0.5197089891292463
-0.3763178590517451 -0.16590933404271846 -0.3399760572580475
0.2956807301910329 -0.4322149297584328 0.477116202605535
-0.7697049261784008 -0.5080773706534665 -0.4406382208690463
-0.42600512444147975 -0.18595596941519088 -0.378663549067333
0.94658226037148 -0.5164797490460415 1.075021778797618
0.12346112574554069 -0.2975150471129213 0.21154738221396954
-0.8813559298097873 0.8201221331917077 -0.14858003510002615
-0.6665010854852671 0.557287253627553 -0.3126391225375186
0.24856510209156935 -0.25621954438506767 0.3116147253094288
-0.7328317216923257 0.7607852890276625 -0.12196210615676262
0.6042657324006182 -0.3031269330105222 0.6599146792188322
-0.23423970622078638 -0.3161517747305185 -0.13231792040935192
-0.9671329989850235 0.9704191868145116 -0.014694154849900998
-0.17473432341560668 -0.650582496720181 0.23688623645454376
0.29370146385534057 0.543996852361295 0.5811291768725999
0.0670054295056548 0.11778218960631937 0.08082750063295864
-0.14333911535980826 0.641850970148873 0.2575689500118355
0.5832763548420983 0.31489763311545316 0.6497596337785418
0.7114264108862747 -0.5405805895828961 0.9410007245070702
-0.2662800861126209 0.5424800161497261 0.02691079409536179
-0.7946349112200164 0.7405287717589955 -0.19229999514044582
0.23648440732803633 -0.787366329668584 0.8152773321396699
0.5920953272587297 0.08749547205885233 0.5657562758268503
-0.5989335467983401 0.7375018101050643 -0.04627720091279042
0.0396771423576352 -0.4594765773380638 0.24922064964137325
-0.981223164978644 -0.3867805344436217 -0.6821362764658414
-0.3835003168512956 -0.9471266872811694 0.4073202957037486
0.6762382049292917 0.5499449567933956 0.9237133385383451
0.22248479087407014 -0.7173047726218065 0.7127762420483598
0.739331975678386 0.5635687904687312 0.9860912304777423
-0.9782594947904011 -0.12396576616404187 -0.8141597060786693
-0.19216823187283194 0.6998848302003087 0.27949596616482997
-0.5452708349033901 0.8301137458108181 0.11718451280540498
-0.6997796052672731 0.6271074251283444 -0.2608440728505085
-0.36261100864952556 -0.6608943562483858 0.06830852055081965
0.9742784824538206 -0.44385254093413984 1.0230300014918334
-0.2024799133471753 0.7676451596842431 0.35466264834626016
0.6120908785052257 -0.4250592552879717 0.7542739826093046
0.5058287275335 -0.41832802760814514 0.6586390569375759
-0.5628518405807383 -0.16113988706764348 -0.5076371256628264
0.4638599014606728 -0.6518106865728936 0.8595941204755444
0.12684092199605135 -0.5227111730264589 0.39634118227413184
0.07633959537959623 0.08067036123807658 0.08277313042381997
0.6151828537537163 -0.4977189040632135 0.822306042600101
0.04962088588680458 0.5751415383761325 0.37438873504260217
-0.9550111357395645 -0.29403749188431316 -0.7299697978393928
-0.6244286885414607 -0.4458173013925404 -0.3871867664158817
-0.027301468585497757 -0.30155268786480516 0.0635106760784018
-0.1926719870699154 0.4730176828555668 0.030401409996478918
0.94056422566082 0.8132894902623029 1.4221443883064713
-0.49659762103150484 0.9185088229237388 0.27064311487751386
-0.4634349518127665 -0.13259726153014406 -0.42944225108812734
-0.6956504165183601 -0.8533035246229799 0.024587824766358124
-0.3615859208940284 0.7607440544925779 0.1932044090923416
-0.47775268627526435 0.7601950261957047 0.08647855266380261
-0.8151522682154995 0.4276132730943678 -0.545994169589933
-0.030912296953143903 0.7526273281074161 0.5057307559407879
0.4558284195817932 -0.4849582970224011 0.6732287588720718
-0.7929617167559051 -0.1902425253460749 -0.676250426567122
-0.6200513784557624 -0.9436555210254229 0.1963004123370906
-0.05345958008276752 -0.4658328160608278 0.16186704083263267
0.533861154092589 -0.5737997095491376 0.832190716980713
0.3032975766964374 0.4121053872210445 0.4676845247102923
0.4445484254697025 -0.37150445688011136 0.5676280588477743
-0.34697254100541985 -0.42175309610896705 -0.16311316163706
0.33233996977368707 0.6240498705614368 0.7059246288464546
0.1984054522873826 0.06210762170699491 0.2009636630792504
0.4290491278315578 -0.34203060568850385 0.5327245892196562
0.28121640555061655 -0.256999450546479 0.3435251828612315
0.7723362521347232 -0.7680406194638192 1.2540771764246093
-0.4666795344974217 0.9799497416976299 0.36944107276272714
-0.868135067181947 -0.9407867343955687 0.010840394561930977
0.47845316473884103 -0.06344161131033088 0.46443141579540514
0.1337289870895737 0.3472022034775366 0.25358836282366476
0.9285603449061233 0.6230087867642056 1.1792258155606858
-0.31353628110796516 -0.5822611337203134 0.024146162254484627
-0.8321476924631528 0.35480405460900544 -0.6138254044037411
-0.6671581509061675 0.23628262271050882 -0.5629555000244487
-0.5554092690390149 -0.9442991599643964 0.2508500980750039
-0.2204655197171037 -0.39110679700992 -0.0663151891762456
-0.2261386650311754 -0.7551298880026989 0.31560203882825766
-0.016991663738458174 -0.4295172421703637 0.16644951114786571
-0.8456703625970605 0.7469233297726519 -0.21901479197067364
0.3554809517767956 0.007210570055886434 0.3480932800823454
0.8092361460179787 0.5145480941844038 0.9854376756509304
-0.3729870159520092 -0.9823863800535793 0.45769748375199215
0.7894183382547373 0.03788293288959266 0.7113788684906502
0.44461914476886544 0.32183400680673624 0.5335061126243108
0.8064709385374942 -0.17803291061316728 0.7535397973523552
0.8048145876182886 -0.8170034151223795 1.339722357066555
0.24780466068476548 0.31263604259540445 0.34286201638882263
-0.24493755840025466 0.16582197645055974 -0.21500228436856694
0.33054224889414185 -0.9659925584529057 1.128050122010578
-0.4156569492835285 -0.49434691138542664 -0.1618373328753302
0.3501698868359082 0.870368472618412 1.0301945839454463
0.5091999106790499 -0.865506693912818 1.1684601266018486
0.5529870176301899 0.26070317207901383 0.5931452280634062
-0.821319598739757 0.7812528477226923 -0.158886222742198
0.9804022522009319 0.7154967604249154 1.3205869948098632
-0.3125492176796629 -0.07429147549439552 -0.3019661528641999
0.18455440525270972 -0.7847542616402474 0.7611523211321785
0.21149169387030575 -0.5072116222289802 0.46435378200612876
0.28500162586984 0.132626762401153 0.2987479626394426
0.1840446789092971 0.19017306624651042 0.2191653417118946
0.925079513269941 -0.6422563197835958 1.1995632488293457
-0.4711917872499125 -0.9147826008420961 0.288573130780036
-0.7273069026072256 0.4561378541817902 -0.45829655863366475
-0.8297114992753201 -0.2175960184042045 -0.6904063001313525
-0.44133289665297504 -0.208746837384163 -0.3835835735048423
-0.7870993276777951 0.653687302872249 -0.29388713138648986
-0.7321402278948872 0.3048133363906591 -0.5756853975000635
-0.058430371180054896 0.4177365328977325 0.1152223767031294
-0.0937568534201203 -0.04926353458918897 -0.0911926611000285
-0.9924568725042369 -0.8437483264490171 -0.18408952511068166
-0.8034629232305484 -0.12781678343746194 -0.7034280233187011
-0.598200807796073 0.36118674727336675 -0.4330704740016148
0.4789130927048899 0.33828899877367724 0.575004641375368
0.9128619297174179 0.8857910315212063 1.4978173938524244
0.35155991566514033 -0.8156271144988978 0.9616166783441924
0.6544040171876986 -0.12764037309483123 0.6249778363534224
0.25163939924404377 -0.8075228452018071 0.8558434583891772
-0.3828439032057549 -0.4347646350543344 -0.1856632751692871
0.7658615421553423 0.920570874730964 1.4427537368818126
-0.5799869391284911 0.16523044183213487 -0.5207153042585254
-0.31719544539481137 -0.16476320963657565 -0.28475956339774794
0.2037640941905492 0.5779685811721584 0.5302266184615191
-0.5906861956651592 0.7433612160628709 -0.03204105979986027
0.830454068369334 -0.3110374084794598 0.8348311625919422
-0.9726612611801657 -0.012630183273627082 -0.8262276786843767
-0.8161062132255896 0.7559061386617221 -0.18767865977819886
0.264677361681803 0.3290698394138829 0.3696733319616308
-0.0323198701671652 -0.40227696478238406 0.12880711982688278
0.92383160065082 -0.5986665260899964 1.148694890370521
-0.5415679545076608 0.9043268306253343 0.21416776573335394
-0.1794750522338302 0.2793785244959428 -0.1005399495323853
-0.7773750550415872 -0.1872015913790488 -0.6663736263511211
-0.03443400533918495 -0.5292257658101795 0.24200524576738722
-0.12330471235679297 -0.22291531685384802 -0.07332170333573013
0.7276080856262286 -0.2942990613909391 0.7515890254015198
-0.7603786849458976 0.030795892001468594 -0.6882474933710508
0.5645187859529761 -0.010050665873417852 0.5351103420204116
-0.05152145146472642 -0.5224505133577952 0.21807910608429357
-0.1971569515198306 0.3865121311055435 -0.04704559112493459
-0.22412574931152984 -0.09967837992370798 -0.21231844661059454
0.3506809096311856 -0.30253338607684976 0.43493607148189595
0.4445181081238996 0.8883405499308461 1.139776865053748
0.5715441126090541 0.36822327852054015 0.6761047118311608
-0.22928836507460315 0.9116462067135018 0.5113879123057739
0.26593769192952266 0.534806179027181 0.5449480167060536
-0.7459249027388875 -0.8101672406342753 -0.06840549942499852
-0.4373744043653296 -0.2171497750682183 -0.37642593537523106
-0.9026319783256871 0.3847144580559245 -0.6374948085365011
-0.38464054867848096 -0.29240849369028155 -0.2898273893446828
0.6380732023003788 0.09685002756122385 0.6050286477925063
0.20116589952998942 -0.39060550502183067 0.3517932621529616
-0.9736535817559056 0.6024196462258398 -0.4719499063275255
-0.0065807966871378465 0.18615138726437475 0.02806465520938966
-0.3906468698931407 -0.974870613626174 0.43284561795418725
-0.6546563173481321 -0.6908696024017458 -0.1495033242951993
0.609726720392032 -0.3029749546331191 0.6643084123109478
0.12508435126840656 0.41458138416143653 0.2957911320600175
-0.2833025579121513 0.3901264840092675 -0.12791632263786448
0.8946208910346931 0.2566017719650151 0.8457687869538413
-0.20839326865886232 0.6942345050440124 0.2566299706296977
0.8507922580418088 -0.14098738937232702 0.7716791812771165
-0.5282475516479193 0.24767021403406253 -0.4427184660039948
-0.8888743132548755 -0.5095217663439398 -0.5196567453645413
-0.2251106366682396 0.5153700861882187 0.039280171654913765
0.5041643238550093 -0.7712528423819514 1.0434446544478675
0.6468998238404231 0.3900699571445283 0.7542836633451646
-0.9444931119160702 0.6067159096515833 -0.45035265122575796
-0.6852416542458584 -0.6880195020916622 -0.17697109814809403
0.6928174373461353 -0.9723897759383984 1.4495218052656167
0.6527726581779869 -0.6519379256241793 1.0197331340931488
0.07525977192227784 -0.570703407371816 0.3951630635823773
-0.13726272913875137 -0.7889655854897999 0.44620887495158174
0.27443897955739227 0.49256244568711693 0.5112514956285619
0.8459273248345451 0.716768400875917 1.2400389281284492
-0.9373055448136645 -0.47696695682556567 -0.580425822912453
-0.37561180420858364 0.8745586403752876 0.32558906574743846
-0.48533828616360886 -0.021492358390370114 -0.46604568460892026
-0.5121722259172123 0.2872123665064661 -0.4076744717032428
0.352779496583433 -0.13374570898797367 0.3633944235274136
-0.7652767456837386 0.9181012267064086 0.05384557821302771
0.1552025608827079 0.461998004024996 0.36640542155826417
-0.18974432424323773 0.0946553604410898 -0.1796482967423325
0.973757478959848 0.9620633247317278 1.6259651642004962
0.435074553360715 0.0648043836250809 0.42567760619732165
-0.8457390147415798 -0.07250051944437175 -0.7432051139677786
-0.7157696772281787 -0.06398538381791874 -0.6521042826130313
0.2876037021181368 0.5056859067286912 0.5365955229128332
0.2894717077557589 0.8495190596671245 0.9460947032818976
0.07586014442830313 -0.7038985081280411 0.5512353257179273
0.2357539637072006 0.48612441264385 0.4676996904868126
0.9228649470938877 -0.4241959482595987 0.9763067046840298
0.34871256110090165 0.3620895769754029 0.4724217063997992
0.2274793081961688 0.22002011317377712 0.27391243435895907
-0.87461071586593 -0.1402537396670096 -0.7476240712941199
0.8394240636085715 -0.1702707013047391 0.7732466307369934
-0.23804690714972576 0.02529791164952999 -0.23516507672251383
0.6765037538237131 -0.9645027391699346 1.4278492586060643
0.4633389196834503 -0.1220295400720719 0.46182813238481757
0.6089820525065786 -0.7896718273862493 1.15597921537758
0.22174928679131667 -0.316569605962435 0.31998506188888154
-0.3983551293830512 -0.1976527105179986 -0.3488461325193369
-0.6068042703137235 -0.6738346513862383 -0.131633578631576
-0.12462093145252506 0.30913535947314186 -0.028879335709467033
-0.6221914988686781 0.8774388813288059 0.11324534168717404
0.02392465729962967 -0.8746372378681202 0.7164523745778024
-0.8524020377314772 -0.05739171882835348 -0.7495697372378864
-0.6725554981550586 0.009295238049504828 -0.6229006105317625
0.09072950052031636 -0.35942439313969254 0.21943193689887514
0.5099242812849529 0.763985242215391 1.0392040986851667
-0.576299036755459 0.3993808638700367 -0.38609489007191744
0.1996209824545967 -0.589491702807756 0.5388466003945352
-0.40615819512632556 0.3204534546382911 -0.29257296796189447
0.1177266560071426 -0.5015972626366634 0.3664086258780186
-0.5935810381197324 0.17729258885021526 -0.5279055931220867
-0.7414401425155741 0.18542692953185225 -0.6409743400225076
-0.9440532529719958 -0.3777251892232034 -0.6677492751123759
-0.6611104022621108 0.4525905415567244 -0.4105849394540938
-0.9854760422867923 -0.19641653420610616 -0.794965296710609
0.49179666362290675 -0.9506092392949235 1.257805850180057
-0.9522927106927261 -0.723066812700121 -0.315416722345113
0.17880146333056324 0.40209796053546887 0.33882952896079643
0.2610319956684357 -0.30779637973761065 0.35267468049517775
0.06217200892872832 -0.8982088925213951 0.7841946588646708
-0.5061162711946201 -0.9542631398287738 0.3050988989015622
-0.4432384112780361 -0.45006880704629326 -0.22768764536864955
0.9660621946939483 -0.029245059157288145 0.8235085575201315
-0.47626599020777993 -0.44995691109140834 -0.2573830283663255
-0.7084467310878895 -0.310236552391411 -0.5545568538006818
-0.008849779038416772 -0.9772778019119084 0.8075056061019901
0.1471224585022919 0.24542553142994006 0.20678956369902335
0.5702754285733862 -0.8554047045877524 1.2080121829029054
0.8686500325783137 -0.9647073950193985 1.5654722965262096
-0.33759610949791097 -0.4459479818540606 -0.13365851246729338
-0.6832226400588677 -0.6433888054600199 -0.22906752901121064
0.5762723152784066 0.762871290935893 1.0945749485894363
0.5400549055049804 0.0802924344422753 0.5206299141774491
-0.3831657114668241 -0.7728241694133089 0.18851812904178072
-0.8675200525889093 -0.9557801005247961 0.028929088860754182
0.7693805466444001 0.45899461506498374 0.9048114493905586
0.9746970199849538 0.48849825668888536 1.0639040295137454
0.1258130813560241 0.3048710618291417 0.21829402395939201
-0.18839639799459218 0.6902659722371465 0.2713587380618363
0.061008768640844924 -0.3364342628204684 0.17391741196873706
-0.8269931503468992 -0.9881555941529818 0.09261675085932553
0.817198721672538 0.21182969369597293 0.7740886345974617
-0.428044278421003 0.8129352650385038 0.19870665273410176
0.24666604215567856 0.6384340482857718 0.6405775642919455
0.09601031572951646 -0.9685375410834953 0.9022782109739904
0.9301173952945689 0.7147795979698206 1.2906612502074721
0.8565531296398006 -0.7392197915013898 1.2752431748903437
0.10805807711405846 0.40246853722353726 0.26912142339495576
0.9479363815591302 -0.978531981598405 1.6299829078174215
0.21392125461956701 -0.4237210245750356 0.3908698965963854
-0.4501710720386063 0.9268503760512632 0.3221038941935395
0.17510554952965807 0.6293002968914105 0.5599604706254538
0.14659296561120416 -0.4957130194839021 0.3893343106393514
-0.6976752569074007 -0.5327911703512382 -0.362368458049632
0.6250394670455885 0.9820292526116381 1.4068258268681348
0.22953962148974805 0.6594701362170055 0.6488497370164641
-0.47333207609086414 -0.31947574539301926 -0.3539669000058189
-0.9645998556269857 -0.14741606823800968 -0.8000912149091484
-0.8168276806040902 0.2090072351633787 -0.6853077987923154
-0.5610088493910033 -0.9078161096938577 0.2019165399690479
0.8154614872367367 -0.14106708393459133 0.7479406493840061
0.9735341502028445 -0.10163250827537906 0.8372073942031681
-0.8176980159575755 -0.5434254151969231 -0.43853585603022865
-0.8809832866639276 0.9282934028143435 -0.012395747765357013
0.20268823633782884 -0.9663866958619656 1.0052505819150597
0.891333047457769 0.44901115257599145 0.9781580673407977
0.7628532520852824 0.6986492728226734 1.1599449296373343
-0.9809706452161866 -0.39132697378122683 -0.6784986807401812
0.6072870178457046 0.9454220108958462 1.3501138307855345
-0.28380999947317 0.3897085987945117 -0.12872562275432603
0.48005757114631 -0.8040034392265725 1.0641640153088174
0.44356489525743226 0.8132001477411008 1.043301063993705
0.8426234844576777 0.9215742203931745 1.4972092350094188
0.6716221447554425 0.1562802155378511 0.646677719373145
0.7115947390334869 -0.39816234702893305 0.8109123555993774
-0.022945785438183375 -0.8988417297504729 0.6999052304079505
0.3269116895798778 0.15712750140780996 0.3458063588828829
-0.470194945167143 0.030422728929247356 -0.45213454139790893
0.8869661742333386 -0.08977954038383218 0.7832189265043435
0.8604430196520765 0.27759882432253025 0.8351163909150592
-0.11644348552175066 0.22827514006365401 -0.06409455964185953
0.48750758972818375 0.6297423395520179 0.854687105769155
-0.7173136440236498 -0.4556277199748384 -0.45125395802175644
-0.36163536629607806 0.5416538226821239 -0.06460636093881172
0.49753195522624893 0.19231111655545208 0.5142333028042653
0.11022220648668068 -0.10784527196957172 0.1216295020918533
0.9483953990395997 -0.9435257453858328 1.5897043964546769
0.2746449304289176 0.5454135987130708 0.5643131844896767
0.22445799725357962 0.6845440107685379 0.6742160831495455
-0.7230676847575117 0.6070093368826734 -0.3015083365090815
0.44728189803074847 0.7250402280876782 0.9343206147515176
0.6936751436966497 -0.5631122575437113 0.9511754192391757
-0.8686474531789381 0.015238695039271999 -0.7632238622453666
0.8881334965445311 -0.6462550452542284 1.1815051281216464
0.11674433545892882 -0.7855223324961151 0.6951072161857863
-0.8467952392156584 0.5837854993123694 -0.41491508121889265
-0.26025770258314185 -0.4923208027309296 -0.017316069700158504
-0.9607997617851209 0.005798644674088305 -0.8196163613547192
-0.16105556045133906 0.36496256143695427 -0.027556032324310975
0.29987299692190583 0.28615399570963285 0.37719150794416945
-0.6192555207519594 -0.7648193809286019 -0.02827248391497683
0.7416212992564861 -0.9229560121785696 1.4279829424139048
0.7097791511661498 0.7313521288285865 1.1614005792229776
-0.26248641247993576 0.9143122667723909 0.482462542153196
-0.38475282507549236 0.8872346746200765 0.33303935167105825
-0.3207205814813743 0.5209607704707591 -0.047169906429915254
-0.30806422751541596 0.314453212679761 -0.2044947963701691
-0.6900088912614666 0.0682629975714295 -0.6318842195733375
-0.29197788166317307 0.811025012972431 0.3235000188924161
0.0940403552648632 -0.9393197877886086 0.8661178585945768
-0.8005180023464198 -0.2561429952646903 -0.6521547161386616
-0.4525020731872098 -0.7457466822012466 0.09069308753063782
-0.5297313323597534 -0.3960540285620586 -0.3490851736383654
0.9296535822145542 0.5918270462951469 1.1445541233306489
0.4751363610642181 0.8743743816117506 1.1496579837982668
-0.5634074404639222 -0.2067813471539257 -0.49132458243018795
-0.761898946298533 -0.16952581684267676 -0.6615615801481295
0.6679524911525905 -0.7927594151732562 1.2072855613265325
0.25911835344212664 -0.3959058961920714 0.41232890299043645
-0.07563683137853561 -0.6921050285552912 0.38533553264583525
0.6000037556037865 -0.3354963577981447 0.6769658589509118
0.40236333421868054 -0.14256315385628748 0.41191688135420174
-0.12964600568220086 -0.0985947482679077 -0.11956235594049328
-0.8634490961502903 -0.38213931729734174 -0.6145763733310745
-0.7712087622668784 -0.5334123747075659 -0.4162973226126207
-0.14214494705301273 -0.8848049478731723 0.5636570330593895
0.2743434618653027 -0.2820432105809685 0.35037951253962246
0.3264182459332976 -0.6884665723135577 0.7770891322680824
-0.6187143207300554 -0.22060784875147865 -0.5313396808279538
-0.152904234096928 -0.33542268495970906 -0.04003795083245207
-0.4080179828289263 -0.4316776642356579 -0.21152178569228083
-0.6378656932971123 -0.33592783215925004 -0.48287401380643985
0.5419147786721654 -0.3288144803696822 0.6236858094641466
0.8692767539635633 0.4130545825699905 0.9336499220043046
-0.48318356713928723 0.6901401336019972 -0.0061123594838584094
0.30572590610775263 0.4114188067336735 0.46944382631341836
-0.9222667465802714 0.4458372096531136 -0.5995083153338541
0.478701074300943 -0.048662730445865554 0.4629947049278492
0.3117148965477996 -0.37460395810862734 0.44655936280205505
-0.8147271292953129 -0.4279721740456712 -0.5454006189374385
-0.3638528799042007 0.6249007502811796 0.024774190746462088
0.15205169972635568 0.21098531407838172 0.19596658057033928
0.591776111718781 0.49385597317189767 0.7993189233061835
0.5621513390546489 0.671961482407007 0.9693524187895495
-0.019284055667061928 0.15897731324605346 0.005988235067412022
0.6252476538937723 0.5422764638149737 0.8751420226333784
0.9023427673719224 0.2853175375935366 0.8660972608337982
0.4520137686584391 -0.47697365926936897 0.6623243626188579
0.7778096837945299 -0.35414194931727017 0.8268086010118109
-0.052071589813229346 -0.04153361237441766 -0.05032302131253703
-0.25390684493113924 -0.2096983777953101 -0.20722821268267003
-0.4114719446627202 0.6650384818231467 0.028038892838022744
0.23929599376874844 0.809269193233618 0.8461118621112385
0.15912980662989473 -0.6272608195439711 0.541841817128657
-0.2512853798638508 0.031572599755946396 -0.24765234615745907
-0.28715085353385406 0.037966881180947265 -0.2817794074523769
0.07988448777285484 0.004672800557311341 0.07982138571620445
0.1717809279732414 -0.405795058677769 0.3348637739752066
0.8079008086223713 -0.1997995535401682 0.7627474502001982
0.8318573701645933 -0.5670192607346016 1.0551839374527188
-0.17114860427283518 -0.4773042960832945 0.05553951345706534
-0.9755778634271863 0.025233089613410087 -0.8273893196797987
-0.7662723154149267 0.4370695218117302 -0.5035842335577927
0.877987503111815 -0.03465247354079204 0.7706558479023584
-0.8038859972981729 -0.5526790654484885 -0.41933173486092945
-0.10704188396864445 -0.9695557407902324 0.7007431216874027
-0.22606041364954965 -0.16028697881191034 -0.19845083223557106
-0.44186724133615773 -0.40831443993717853 -0.26167871208097315
0.7939512372024962 -0.3251451416155735 0.81865132278711
0.4534604036064631 -0.11309654953643156 0.45086931481684506
-0.8073530551429711 -0.9320001551795754 0.04098154433976953
0.2643253598574429 0.9340503494443402 1.0271646205519993
0.5006596076737293 -0.09964237075186655 0.48993273338726606
-0.24164204041151138 0.3728676972096545 -0.10071442529115776
-0.08249314713338163 0.6890841570202337 0.374793848216897
-0.5957879267954462 0.14910032647846405 -0.5389320245677043
-0.8837488888320442 -0.7951914287094843 -0.18209668224470343
0.3940605408307327 -0.12640100938506382 0.39991743696540893
-0.8991866074684491 0.43127766323635175 -0.5978912444945439
-0.1775532528767867 0.782545328207972 0.3981924760480623
-0.22646035059103786 0.44384314235623323 -0.02880462524836519
0.5306929863977046 -0.6544761119808746 0.9214915521473346
-0.3026604759338407 0.17993984844803612 -0.2656881155275018
0.8922977460676038 -0.6147014773633739 1.1474462571832982
-0.816159659730288 0.18799096417108418 -0.6931872364707584
-0.5913603149770987 -0.9595528308748824 0.23855984991884482
-0.959814745774944 -0.6443501414720207 -0.4157241612470519
-0.1580096120999177 -0.029396626455147734 -0.15648876555190758
-0.4941401986594798 0.42869430050623714 -0.2915288393564014
0.534063945180876 0.35883365227962605 0.6374416409588753
-0.09840994816374371 0.7031990924024043 0.37633071026984266
0.8558184444507431 0.8473643947165119 1.4130073798408262
0.9813333176292138 0.43054092576437686 1.015545093434556
0.3468307164323996 -0.17553692875962468 0.3707272894783424
-0.6591118807130023 -0.676680078666491 -0.17035323547259884
0.39899225732087773 0.9791322090991668 1.206935185281905
0.7876759175517418 -0.6736920845342067 1.1471544928211803
-0.06436676277099274 0.7623323669848847 0.48466371343269377
-0.4752244852117793 0.8441553533924715 0.1962639216649369
-0.7885295564188963 -0.4031178746140833 -0.547527797755899
-0.3113064233204992 0.3018061784957069 -0.21534146053411002
-0.20969051652260418 -0.8495531931290232 0.45253508102392126
-0.953083326799506 -0.9360311748305294 -0.046922222503554156
-0.05892645492746729 -0.7625582351789959 0.4903815285468537
-0.9549326126028088 0.208224850857051 -0.7729308097642775
-0.1750881806089084 -0.9070316586740135 0.5587945628681288
0.1826223651368779 0.5337355275839408 0.4626451129758108
0.7929104329181436 0.5040244732440455 0.9637157394531216
0.15545825387828516 -0.41834452413560785 0.32895293620325733
0.09964085195457462 0.38365738851223896 0.24613811523674467
0.052315731371187724 0.2985258153719821 0.14129161832923792
0.04792775066763855 0.07034772597953909 0.05285818623159314
0.15490569274363586 -0.4065396554223244 0.31881001013310806
-0.018449363263646434 -0.8213126863946372 0.6061011556465447
-0.5341882446489872 -0.7420855388554508 0.014133609495621369
0.7507291107402554 -0.5221260510600334 0.9514234342849228
-0.8663752495713648 -0.09666587562357698 -0.7526424301306479
-0.6144353545249519 -0.13633775579351082 -0.5579103296301662
-0.5006865527568443 -0.3856130827322033 -0.33187785041628426
0.8616172242416098 0.3138941583823067 0.857266907159401
0.5179996707658412 -0.3856337440203077 0.6433090618073697
0.0017633575233462206 -0.3888684424476305 0.1524063590475288
-0.2829231610680951 -0.5256465802499402 -0.006361760594225996
0.9860474914878221 0.2091439317816044 0.877577989841982
-0.9942509329184173 -0.19520440767308367 -0.8002553214376986
-0.47625433539422013 -0.5877875433229509 -0.11979184670969006
0.5485949166327757 0.8159894225528304 1.139207777733478
-0.4792378727522413 -0.787108847154709 0.11955795107493072
-0.11749023476652964 0.6293024114533572 0.2685307357114276
-0.11745456083022154 -0.5952333442670821 0.2297518036908019
0.3742116149488195 0.11900106854484793 0.3796995980349826
-0.319769417610289 0.26822892531347353 -0.2424629729414131
0.2134628072614746 -0.2691433644652086 0.28422019245042635
0.6511153273174124 -0.31216729846687596 0.7033681870567338
0.4974878558988478 -0.23774196956150484 0.5337105688945781
0.24021553374348037 0.5296339147754061 0.5147597301283253
0.5082856135880234 0.8917128648719594 1.2006502321928805
-0.9894029974998673 0.14986532659829055 -0.8132405324862085
0.3459471621117556 -0.30710503765443464 0.4332616223990915
0.3332336967139009 0.4916400832994412 0.5664637812131512
-0.006152024020003033 -0.37802655055098455 0.13626619642173068
0.019313924898778367 -0.4156872298484513 0.19124997828308388
0.23854928170603396 0.03890445342743942 0.23780679493778903
-0.933331919699701 0.008593804407460492 -0.8035335688832689
0.09569974958794747 -0.44900119982334297 0.29579295741905937
-0.9426728452502504 0.38283705866351636 -0.6630915752200436
0.7158927367149261 0.45695088748373025 0.863581391974746
-0.9995921990105086 0.9437485503524556 -0.06376275473877302
0.5785807076032468 -0.17334799586588368 0.5768812056947558
0.9627666192084037 0.6367186331565045 1.215171269523394
-0.5084213569047056 -0.4353796187130794 -0.29837659765668756
0.6488787125389652 -0.09095571610084807 0.6125662346186915
-0.5941159759262442 0.5199040157287662 -0.29275569758264536
-0.22315787608511473 0.5565821049900737 0.08354228896430516
0.9249338986914002 -0.5595592399659179 1.1065966043001536
0.09559828530677694 -0.9696164906912697 0.903102918681708
-0.5290288228655031 -0.21234220589646968 -0.4596212284812937
-0.18813495295157878 0.2084191496916128 -0.1436022009753671
0.09485556627508474 0.8199892840133238 0.717565005150226
-0.725325793335051 0.6825454429577333 -0.21418054236616318
-0.760178390736824 0.9535388513470231 0.0999840789000469
-0.793640602581072 0.5943094689563622 -0.36700542723863006
-0.13675252216458755 -0.18239612264733274 -0.10306447088758015
-0.6235750554416344 -0.45680866732410763 -0.37677809876579293
-0.9329833983462632 -0.6929750190247017 -0.3414306314464926
-0.7767458575074289 0.2586492122737296 -0.6341127612322215
0.2008993282290117 -0.6911520978133767 0.6592807244027342
0.4612767279714256 -0.92180052941165 1.1961848423666517
0.17428256809368303 -0.6667762480513626 0.6034899024106435
-0.8335663167785539 0.2792809062488144 -0.6624147307614758
0.29965156492318856 0.16359399472857672 0.3219471163438518
-0.8328001311529618 0.07537534486658215 -0.7341368042717556
-0.7078445312216408 0.052773268590267985 -0.6474126184393034
0.52153731886571 0.8801676930590101 1.1977119293442415
0.039838682503677614 -0.8345047113782691 0.681286784606716
0.2672090637154163 0.21246859636937399 0.30916815154250515
0.6605620814425139 -0.8599232254015399 1.287455711731336
-0.4713599881270669 0.6523489914021807 -0.04126821236456596
0.34936310157021455 -0.32297894268224137 0.446425765087068
0.24356067508172607 -0.4851164142262381 0.47433135038488483
-0.14595824859580064 -0.5304542777470163 0.1322427579516486
0.8439850228527486 -0.4167706302440386 0.9201226932349451
-0.6329828589069384 0.6481215445670077 -0.18373572486385964
0.3588978204704121 -0.04861315947264466 0.3536057302659489
0.19631777695468489 0.022343709229912356 0.19555840967878035
0.7851046463338363 0.707591905936487 1.1869269180771473
-0.5839566537202665 0.54806868247613 -0.25544670543090064
-0.8536521384425395 0.7514933616528678 -0.21848761465933064
0.11524779988091804 -0.7964088009099985 0.7075800678919789
0.9548291377365303 -0.5747895697154444 1.1406204226066272
-0.6778087350201103 -0.5857477073496344 -0.290679268664438
0.6786299741716366 -0.9783441232615417 1.4452850108044286
-0.9570762829132524 -0.3711619657515963 -0.6801853832468432
0.8806434444725917 -0.1648356670006088 0.7983161447904074
0.7007075716425661 -0.6794021358806996 1.0901285239894456
-0.3019271549763487 0.9287220040994542 0.4621265260270831
0.13470068775350774 0.05659252164799189 0.13749642411069846
-0.3752950212018913 0.5809379011323257 -0.03542839257639763
-0.7002514985611412 0.1689430399670946 -0.6158721478286039
0.5907621768786402 -0.567735576336966 0.8737656181640787
0.19117516892817576 0.8547109067659855 0.8572778157289377
0.0041013890938441655 -0.4327496158302695 0.1902808915790206
-0.8598841536906836 0.39080493725016807 -0.6056315415957665
-0.13983076453065046 0.18220827193132116 -0.10618177726261274
-0.5006200097572364 -0.13370670521442074 -0.462093025424532
-0.5373195878903214 0.38731257597509927 -0.36238609463695104
0.439275747042029 -0.6009726945169289 0.7786513725403739
0.6724307832267948 -0.4051675651347608 0.7863138785041267
-0.01915042508975584 -0.6503530984839831 0.39131137885587336
0.8085369718263744 0.9725064137043202 1.5342246132298296
-0.3898751037426966 0.4264261941245051 -0.19923404214780563
0.5510852499016103 -0.8846856381408148 1.2287862352828465
-0.764814745172735 0.13124637289050445 -0.675178588575485
0.32357414158448594 0.2682628784383865 0.3898601167425129
0.19043323261690137 0.9552488183684003 0.9803201353580484
-0.034287729013952495 0.7114830952743576 0.4505834572306461
-0.9567811612810677 -0.3260490390705133 -0.7112334082753522
-0.6459588549473223 0.07242944475903457 -0.5967183823841278
-0.870680042100304 0.2059259645359761 -0.7223744745615095
0.7205623806118646 0.618117176898282 1.0326483055030768
-0.7388866195148656 -0.2536671660974035 -0.6091626622859561
-0.8833351926395057 -0.8734127122959838 -0.0818753521959863
0.9064459318140239 -0.6083912973615795 1.1490633907140881
-0.7985830462006303 -0.36036011715536853 -0.5868734282177728
-0.27916555739398197 -0.21523438018901953 -0.2292443364983853
-0.32669757355133555 0.0076998752384962454 -0.3208577437298748
0.9263547534934382 -0.7866093930142832 1.3794562594644906
-0.981782771358279 0.3069993944432863 -0.7373799359013019
-0.9805149523808638 -0.21781405786393782 -0.7833589323583863
-0.45087964515390544 0.2944104294931149 -0.3491884324193726
-0.9675315381931395 0.46727939855279566 -0.6068686499103694
-0.791987311127518 0.677150425073821 -0.269117778318294
-0.18981070700199698 0.8165234612959582 0.42973129485436273
-0.30341727855943845 -0.9622787807398494 0.5004273234011956
-0.1643989431502466 0.22103095358428138 -0.11482415731560418
-0.22331487634917768 0.7222500257757221 0.27684371640051153
-0.1524797651285279 -0.41297448675794546 0.01783276133041689
0.44063907930568513 -0.38336624195675095 0.5729587397844463
-0.5599504824362649 -0.8660050834337383 0.15046876420906663
0.022873733120113204 -0.475399681034379 0.24695751629757023
-0.15966042609147535 -0.29928745172096294 -0.0695297127649513
-0.7634264068891434 -0.7563318884182197 -0.15005432091889526
0.9711454231679566 -0.09396703255413108 0.8343623677250149
-0.9077808865048815 0.8530151792902494 -0.12303446876933266
0.8384229129539607 0.6415078267586167 1.1436037035847055
-0.033931278256399855 0.9899882870267516 0.7966153844751985
-0.05167385307639005 -0.6691251030458856 0.3812681014939289
0.546197989174305 -0.6505837843014444 0.9301764281247178
-0.22248108799759936 0.9853083317033111 0.6047058077536578
0.13365972641834012 -0.8481039283553806 0.7921055182169985
0.427743134737288 0.6549079167594467 0.8306930001492174
0.5661842098873235 0.2237677647623455 0.5864667022186305
0.15260828656751713 -0.08188006478146548 0.15872091432889773
-0.8245016730677337 -0.9569911529437571 0.058860151112807624
0.24640518715046733 -0.1520866008625652 0.2670475810879808
0.7091878981213997 0.6480333646219743 1.0589299684781555
-0.9671529467162612 -0.4036001620931384 -0.6610992603874586
-0.2684326049168979 -0.22215395925395742 -0.21588815009843834
-0.1364824050669513 -0.105758028234618 -0.12487455240344747
-0.17577561380178652 -0.14554329320009107 -0.15369058658135262
-0.5678809235355216 0.0815465793412935 -0.5311969903303785
0.6885185446070341 -0.6403004745123346 1.0339892114082863
-0.3089071914736239 0.19920423838772283 -0.2643458213812342
0.048516746673852085 -0.5744204251070268 0.3725017898087539
0.12784856380270893 0.29750851509023124 0.2158963539009878
-0.6015158493286463 0.10648034225084135 -0.5545550882700578
-0.4993172037487321 -0.3671049929604855 -0.344467705228807
0.5398243057320631 -0.2607684950263407 0.5819331035187562
-0.4691309464735529 -0.5118840357820862 -0.19307407371819119
-0.07166060137754049 0.4778271824564193 0.15474100534851193
0.7091656512107902 0.6026757772941027 1.006485012463771
-0.3895519756957069 0.14500244648950567 -0.35874983489584095
0.41458906044493427 -0.36749440976842096 0.5374558164788259
-0.24876461242444692 -0.7511129524928666 0.28850839870657236
-0.774608165816864 0.9982033255364648 0.1400897284838616
0.4721075869098683 0.5167515367425854 0.7186342752298489
0.5555960525490671 0.7416392600332511 1.0501615665107051
0.8158307461014793 -0.3213645489719672 0.8313868164000229
-0.8781043632953471 -0.6313105468943501 -0.381444521793138
0.4622370421810549 -0.8793693347029155 1.1444452000804473
0.49822452950883633 -0.26536735178120785 0.5482283062209627
-0.6889937039709022 0.9652955248018871 0.16693127112262185
0.14049349091491137 0.6744076385365536 0.5793374671509839
0.502144732614491 0.5859206223044591 0.8179057775179954
-0.13609230540559603 -0.14662941641326976 -0.11417406802345244
-0.5563843762563816 0.6970911422485717 -0.06108311242997805
0.9664861279357808 -0.6888012396512151 1.2797409644723836
0.3097530808495079 -0.13118685261502705 0.3220326185085293
-0.7970926221650223 0.024925635739971197 -0.7147061849837777
0.23997501325167803 0.7957472627226283 0.8294168298914144
0.5064207828178131 0.4971276001155085 0.7296782229868445
-0.2924930500576939 -0.9787517583961889 0.5296767264921969
0.41432232448210593 -0.3719112496137782 0.5404470384602965
0.21468527854896058 0.5466940971773369 0.5074846695368637
-0.4881069329652392 -0.5725055517948789 -0.14702918020826267
-0.6538629662360114 0.9680577251425644 0.19760836776581525
-0.5106126569452771 -0.6060000865657753 -0.1296746491452701
0.12073135461634599 0.9996918061101661 0.9615761109950585
-0.6085843638471231 -0.22922359704310868 -0.5191872794491565
-0.6438091316509247 0.0829010634792573 -0.5933738575941788
0.09652907904334596 -0.24495789082620134 0.15634760830776565
-0.2642253616688197 -0.16351424352872068 -0.23442786958242479
-0.23841720443918946 -0.5254013953364698 0.036389187607237
-0.9068943940870828 -0.44807390891821686 -0.5881697366638146
0.25294767705825705 0.7758654829622194 0.8165239405123117
0.7762079575081762 0.03481017410775222 0.7017903028144254
0.2149780409558053 0.9808564364179988 1.0337083193886345
0.009324686272233151 -0.391829649160361 0.1622525755930572
-0.4175959123161972 0.6484955759943318 0.0026952753353406966
-0.5717868764215877 -0.7350764765665934 -0.026710183499829454
0.03810023477573887 0.45245298889312613 0.24137787096548738
0.12583392200550225 -0.556674718382872 0.4304528805810075
-0.4326015789862132 -0.46952862107627635 -0.20055842684957187
-0.9815182698936142 0.31526065238824375 -0.7321163954498886
-0.6726711166093615 -0.569077151314991 -0.30485980536239116
-0.12050992173138453 -0.9326975478932609 0.6440619432368218
-0.663981966721334 0.5352863503725067 -0.33363088498152976
-0.8477523505335394 0.22008841469654628 -0.7013751276734799
0.26291007387584986 0.857630574629032 0.9308721075178281
0.34797064415649026 0.5731316472665235 0.6635953426784108
0.15140107331043673 0.5744324983948572 0.47484052290240186
-0.5102799937222555 -0.24438452435771651 -0.4287332937675662
-0.7228386768005848 -0.03114275644050224 -0.6605462747730949
0.08922774647915088 0.9866741185539358 0.915983118707881
0.023929777743149083 0.2693422791199347 0.09640914198425815
-0.18235249645116225 0.9000145770035601 0.5429617010545857
0.40011386216882205 0.5273818742009282 0.6640827846980126
0.7167431092556276 -0.5678438025935855 0.9738206311849953
0.6199176145927718 -0.14585942680524622 0.6022414743529448
-0.16535310883751664 0.7337158549562741 0.34810995724007776
-0.779694169601286 -0.09601384691872061 -0.6938434391152611
0.6603791353707833 0.2617494745151865 0.6818755220248784
0.3179106124931601 -0.5165363791281221 0.576238047355167
-0.953518072712255 -0.5095060214934108 -0.5587663878439939
-0.3958418956295713 -0.41083618915510645 -0.2175990253324097
-0.3178146674861049 0.375287900391835 -0.17211557116041373
0.1688031231694347 0.18003703868245746 0.20041026448790267
0.9286243904823479 -0.9330543028932838 1.5655062622365576
0.22390052444906483 0.8188141284336596 0.8433782623911426
0.6693215616787602 0.4356505343632635 0.8091081025993223
-0.5173826306505256 -0.9211259795192055 0.25566474660499344
-0.20287911476986298 -0.1352629688689495 -0.18319517763434362
0.5446757201189287 0.8559470695475195 1.1869793358147525
-0.6349761209294933 -0.30113985380451 -0.5025973234626241
0.22172693528040588 0.10250179434173701 0.23042103310667728
0.9040361658715947 -0.7516534589475083 1.3212308356598779
-0.36549100478798446 -0.21662583879157893 -0.3104983778008543
0.9775370867373814 -0.6368948682926368 1.2237253330153282
-0.43465269604080703 -0.8263877509741762 0.20996288774230754
-0.3390471588207373 -0.5356883632889426 -0.04954885868138392
-0.36932219129785704 -0.3033388146934306 -0.26909876034082114
0.8835577470909588 0.3446848408035832 0.8915291555624142
0.7552557569633587 -0.5147944836648692 0.9473970689202524
-0.35614339798474015 -0.2913006713493502 -0.2639079582489955
0.46909085771437065 -0.9325136846793911 1.2161347216389342
-0.6810078444627123 0.7496326240718556 -0.09673982854831087
0.935479512357998 -0.8302368783388414 1.4408756926852395
-0.6863039893026588 0.27135062224767026 -0.5601176617364765
-0.6410332597082393 -0.01511877852755017 -0.5977953181909693
0.038339177841602234 0.1263397026710733 0.05429082882089019
-0.2748554233549654 0.27423664869209174 -0.196272923112227
0.4426381409433069 0.9479731884273677 1.2108138364442502
-0.36157856309836056 0.7831155245619272 0.22179341410744252
0.16076752693917862 0.768999555820955 0.7175667335592326
-0.24593556664885274 -0.579610286325128 0.08620055566835375
0.9653349845744539 0.7008908606736952 1.2939662876896083
0.8299916120784172 -0.24926672475933276 0.8000196388223437
-0.7885738426775313 -0.04171106164455085 -0.7076089444188697
-0.786720721852304 0.0675229805965043 -0.7034820154319508
0.796590227499496 -0.5189657418786511 0.9810575698963275
-0.4351904484167828 -0.9154320449368407 0.32173418889637856
0.07191089093212066 0.25099056483078597 0.13480353445542184
-0.3914435775202849 0.7277396583793752 0.12366930549308852
-0.06697207675078665 -0.6699737185688048 0.36702102825675165
-0.6908088727741231 -0.36120708382070177 -0.5070600987831138
0.3096766615400768 -0.8514042545114568 0.9678032027330108
-0.35090286617007416 0.022797681959084715 -0.3432260611449015
0.5014928486528774 0.2650174755608201 0.5509116359002044
0.5344387353067546 -0.4053882104822779 0.6729589864614748
-0.7509574890833441 0.24505327590938641 -0.6223240090942845
0.8907210763413371 -0.3749569198202649 0.9176553825125042
-0.19083651243465982 -0.20139479060242094 -0.14913154581462887
0.15627730772878046 0.6903439006316849 0.6143802176106142
-0.6978320193547616 0.9363792917697642 0.12614199257315128
-0.2953805809967025 0.7657316307837598 0.2622161975153379
0.21302606725291806 -0.1869103714774185 0.2463469092186376
-0.7809041793439089 -0.4884975952752919 -0.4675503508169657
0.5312974324557302 -0.330599568761456 0.61573095231382
-0.9592588382726506 -0.6455505210706269 -0.4139887881378239
-0.157047910432625 0.5969345960723278 0.1924348487037117
-0.8037971589938668 -0.5335256115640152 -0.4391752714554668
-0.2581610511328152 0.07074673013176702 -0.2502978975222628
0.603536026825715 -0.21529963487860937 0.6138946807380664
-0.14996098918892464 -0.054263538119307286 -0.14645503228393153
-0.11155811901932045 0.7356881095700192 0.40386971014894735
-0.8076343180627883 -0.8866539277060463 -0.015012139777847655
0.014318936635873358 -0.8785351746172458 0.711762034295046
0.6332614988228429 -0.8857889465187536 1.2983347792968802
0.4749144005474304 -0.02249313716614787 0.45776826373137336
0.08933681656079862 -0.6693655230103843 0.5224270498378547
0.8582194339454057 -0.2670791901516465 0.8279504726007298
0.24941895348937138 0.48067424869716 0.4758384753228769
0.5336922787072285 0.1374599790304083 0.5276097336894179
0.19428273523600903 0.13888308458871035 0.2123501294236021
0.07000007501811911 0.8619007534245826 0.7463496010174687
0.08452347171431907 0.12146287182215998 0.09917555936228434
-0.483481087905161 -0.2445397595499459 -0.40510001897080056
0.28522598527789844 0.8683373254774585 0.9659414468416265
-0.8318806195314559 -0.4899101306221385 -0.5014850295819736
0.49570041807603005 0.18339503126587076 0.5092752773018561
0.19928647625180917 0.16054305030575633 0.22374119696869996
-0.20986287293012595 0.24750790352654173 -0.14710393014182568
-0.08418422451681828 -0.6626417458674783 0.3410348364408343
-0.3898232740640879 -0.8512214451306128 0.28279452465238114
-0.418084297907964 0.7514084732231845 0.12907985139509626
-0.4956775368449411 -0.11630568361185123 -0.46210115390024814
0.11489183178966078 -0.38790105129946717 0.2645393292916336
0.7202268575217341 0.7408301070744061 1.1812439835575839
0.9350228557654623 -0.15463634558290962 0.8285227706538874
0.8549674263186362 0.16578625541047343 0.7820311623871584
-0.7465448593612694 -0.15887742917029302 -0.6538672513638663
-0.26615333705650834 -0.9621966595167566 0.5360932781533585
-0.7518663620957304 0.20883446211767498 -0.6394051594325987
-0.5760233498307215 0.06816262364393011 -0.5400471665240338
0.35491968192749 0.8551896330458286 1.0153895519241902
0.04889981511871966 0.0718723602175757 0.05404594249826986
-0.7574343119838358 0.6486157261760681 -0.27865780678451374
0.06288406506412159 -0.9516030586264739 0.8496063922473224
0.11624303711660544 0.7902301323137353 0.7006436644971954
-0.9592730032771486 0.7028120636879505 -0.3446715634666894
0.9134314329833819 0.5672683258987163 1.107873483458306
-0.8452449918210247 0.2184204616043255 -0.7004442954421254
0.9944982124916057 -0.45550973313608045 1.0444891599272643
0.46180218573081544 -0.2971534136375851 0.5337476893132539
0.9409685978331865 -0.904334629366397 1.5377866073759665
-0.10672468841140925 0.2710022628659474 -0.033145979249924906
-0.29533001345907905 -0.5161453679780639 -0.027789623544658137
-0.18670187039255937 0.6201218021420785 0.18952391585070252
0.7234382021724932 0.13236262763614004 0.6794845985375436
-0.12563721299796882 0.1225948257254823 -0.11027802380431193
-0.6932768717951583 0.29096071805553625 -0.5545039829556799
0.22449821362291988 -0.06546618353945721 0.22690300372767888
0.49482200593555614 -0.8553139308782038 1.1429077386907687
0.9478450750127083 0.4115351332899946 0.980712823168002
0.8233572842230399 0.016651522071841063 0.7337093886047397
0.33662392079848513 0.5656962863441948 0.6448806084036971
0.9940002496651115 0.1647625948019522 0.8653575586447985
-0.8846936617728547 -0.23726896313540724 -0.7174541212650972
-0.10417719986216278 -0.483639233119874 0.12779093396310048
0.9804082137037504 -0.7245534211174758 1.3319183587839238
0.22622944862205174 0.43101181674807276 0.409009158086695
-0.7110603648166847 -0.15462803350174537 -0.6287299939885628
0.8331300510543145 -0.8631637590519219 1.4180499435843714
-0.6014560442969084 -0.7711865388078989 -0.005559560982299705
0.3851424510108368 0.2874073126761201 0.45820021496011487
0.7198230321074692 0.44246214798120254 0.8537762001423697
-0.5523053575712888 0.34527290945811995 -0.40572000290149424
-0.7396010710438365 -0.6286429096345492 -0.2890079494976778
-0.5271618547984316 -0.9893174455409293 0.3267173534026131
0.7856153689580354 0.4354202330075274 0.8957173747561333
0.367640928291052 -0.9995070229739011 1.2003529948627334
-0.3729002330428146 0.6589961445307444 0.05643576922529853
0.1967342511181951 -0.04747745240637635 0.1977217323169786
0.35527283422042233 0.5630002046676068 0.6595343808348586
-0.050309156244102926 0.061660820873233435 -0.04648588908604028
0.8540704323450659 0.11653006298800617 0.7675394289670614
0.9120493101394496 0.7628145272965654 1.3403603686764076
-0.16120142754771805 0.5946589986838842 0.1857912756142572
0.6711853240800372 -0.43634154598433583 0.8111603690001604
-0.6826775033197705 -0.4682348470000275 -0.4133810638249816
-0.01596034269903157 -0.47259449164199396 0.20553364775131763
-0.874327003256721 0.3746393910259176 -0.6272176306075607
-0.49331026151505086 -0.6495802905144723 -0.06399970230057539
0.5336744138115324 0.6804763261487967 0.9553774673952569
-0.9336672255800722 -0.38505522826922345 -0.6560820460720063
-0.47627246257640765 0.9612870528071085 0.3395927293599103
-0.5740309073188814 0.890217220559995 0.16908004598646664
-0.26237084938115784 0.0634691557392788 -0.25534266947689943
0.8470139812442619 0.7643837425180775 1.3009073933770976
0.007821745218097309 -0.3357047195726497 0.12028091795813076
-0.9697003751392645 -0.28451562525440943 -0.7438555353076203
-0.4054271374096716 -0.6062300001340055 -0.03511399751889255
-0.15915406799996057 -0.3923814306034543 -0.005127389180390074
-0.7962574751655263 -0.4999809202897336 -0.46735815801500336
-0.41024507031680457 -0.2717219259270014 -0.32506833237879784
-0.5862862012605028 -0.9089216310801556 0.1820486176274948
0.35294928003781 -0.7908467491336144 0.9311196746846497
-0.5013111806238422 -0.34976727278653263 -0.35854357933380987
-0.729090774930754 -0.3221053006937662 -0.5626260417107319
-0.5619062102635588 -0.32959329074328103 -0.4243820728125896
0.3395137682982232 0.9581928816340353 1.1274981868027263
-0.6396918351876941 -0.32849787296269684 -0.48924669339547866
0.4925406577824416 0.7983340248029187 1.06792359095035
0.4713125291208704 0.3256806088219004 0.559925190950056
-0.4898290867212425 0.3130962291095025 -0.3726027606191529
0.8613234682291491 0.3359308158831449 0.8713155213993672
0.04884303030252202 -0.37881532254504435 0.19183265896255913
0.4117816547848139 0.09570726177559452 0.40940243903707113
0.21542966147321607 -0.30269990317841855 0.3052662527450634
0.8954574587024693 0.3265754167113608 0.8869445809556216
0.5497088331225235 -0.8695722368525272 1.2085689815021472
-0.1346774242901405 0.8018895881794295 0.46534991151499194
-0.08618121487368047 0.08235704769400898 -0.07929194230569561
-0.7646069522342342 -0.6759997463307574 -0.2510172966371757
0.0700290184884973 0.6510415183256777 0.4812492204707688
-0.8569666571768879 0.396431644191823 -0.5993480979354363
0.10816763715331446 -0.7925761372888493 0.6956275211015566
-0.6514919478148591 -0.18427735790446054 -0.5724218287260078
0.7964786763414291 -0.7232442729587061 1.2144509522528062
-0.041530899361436946 -0.605169350322281 0.31657898124340783
0.33498855285928064 0.018040481989581636 0.32908381803932246
0.947389204607956 -0.09586979225824432 0.8210849664304748
-0.8236028556069779 0.6010644433371399 -0.3801285671401661
0.08000921633533498 0.2678894943129593 0.15162707754610782
0.8024687035561746 -0.1556518055493996 0.7432989800240356
-0.1908529568333588 0.6771289811827446 0.25291037531874555
0.42197159386585525 -0.38338018445040145 0.5560116287024207
0.5054702317826814 -0.26551083847886536 0.5546565510191154
0.389198484138523 0.04113587382029271 0.38113912310626585
0.4331057259113871 0.918144113418262 1.1663263654839575
-0.6371709306248405 -0.9284009291278763 0.16417536871692917
-0.28267558774747203 0.0071768164736008 -0.2788745377741869
-0.7278178649439753 -0.8591070216023791 0.007615643336540301
-0.07759302160148196 -0.3042772736254704 0.014937259939129588
0.44615549976975344 0.04459111019400619 0.4334889249137079
-0.6230257790474905 -0.7701899087720632 -0.024484155750149172
-0.7216126856741971 0.8990464075454387 0.06250699486844846
0.8965905731516886 -0.17299949843991747 0.811127385864574
-0.29302933757367744 -0.12443915012506124 -0.2733692695340013
-0.7422646187507735 -0.6291180505027862 -0.29042173650084224
0.7590643342451941 0.8589445830642572 1.3608940799978866
0.5404060705485481 -0.8403193786743424 1.1633833422084983
0.9595316251796095 0.6192300452448081 1.1930411551304663
0.797764412804151 -0.587845124200097 1.0545221557412419
-0.6547484226166869 0.9942359895356441 0.2262451537394683
0.9544049549065929 0.5998751546922878 1.1681039258071007
0.6529115392785763 0.1280546103747804 0.6238989149725713
-0.9529212438731252 0.7804620736670773 -0.242964461830934
-0.4017734380423701 0.9617372600184522 0.4075326096714495
0.2711906939638262 0.7191477711338254 0.7623040834528575
-0.2200392630622907 0.564796408460783 0.09534446455382889
-0.3267195301035113 0.23549372820736925 -0.26550895313989403
0.6453768318829882 0.8206843307119165 1.2252428742091932
-0.9985605031037779 0.2338649576956211 -0.7860267943854684
0.7227645507399518 -0.7530300450455405 1.1986102348072587
0.4773144187715521 0.7522926121264406 0.9956084322931471
0.6704272616633504 0.8488858770629386 1.281161898374152
0.9588819577962069 -0.7259619099143007 1.3215103725455006
0.8762700343635736 0.07513727271839543 0.7740025507963849
-0.601053033196425 -0.7739300317675999 -0.0017210921338972618
-0.49417862497775356 -0.03643452593794727 -0.4729812325014706
0.8554879630115604 -0.07623468406750833 0.7607027309860993
-0.18528699866793352 -0.43032581455575936 -0.00010486684090424414
0.022707546295140713 0.7839829309430493 0.5993612473409157
-0.13126382243231505 0.2706595911251741 -0.05769608739610889
0.13392257141035402 0.06446403710192294 0.13767820778928347
0.7419436652258116 -0.47090091236135145 0.8956568076226261
0.3587605524945461 0.4210186548425643 0.5274439003540357
-0.5998971610064867 0.42113763875168586 -0.3881290292798961
-0.09649851492025441 0.5368745671551456 0.18791099031070602
0.8287068480516053 0.6864016618686677 1.1909668686334636
-0.41635328252298875 -0.16768474659980104 -0.376313502533065
0.2778699828910369 -0.48783768728660815 0.5100534498148873
0.25882683326695965 -0.9547184318306627 1.0463623191037876
0.5038326706450176 -0.1137296580884608 0.495719568546896
0.3532061346138764 -0.6433118060085852 0.7480451485497814
-0.45428864737410435 0.8327630023151924 0.20040497022029535
0.4321466117547703 0.6447322223090637 0.8226328225234625
0.4804675283617672 -0.11744492155111663 0.4759866925680935
0.19210129519228647 0.324990767407749 0.2963446958017903
-0.5678591087915681 -0.20768531187199613 -0.49470857970635546
0.9596785138247157 -0.1518150365609292 0.8420529121003519
0.5357656140192859 0.8581336803132193 1.1821197047883145
-0.8696972336721795 0.33813958844458236 -0.6500442554957495
0.2729781511721976 -0.9812656362548362 1.090441695701163
-0.12009422399800429 -0.774997040750991 0.44534866062438855
0.7076970815655927 -0.4352085660038123 0.8383616367744935
0.3465169388599416 0.1812841161072627 0.372481856868664
-0.4840235873379457 0.2409624972400708 -0.40731402357298835
0.2256064167917422 0.023351850622884474 0.22424276148830727
-0.19753335630450297 -0.41659664640441085 -0.023568427988191476
-0.49232632074680316 0.9104330403469634 0.2645034679495608
-0.4514312792320896 0.8208605436912146 0.18771554188759382
-0.4205785459822666 -0.567641210633894 -0.09161884049594338
-0.10819573789868642 0.05883767689899777 -0.10452290050023559
0.023570792379074 0.9926269121548603 0.8570110457829664
0.8223560643269909 -0.05852465679346075 0.7361762847365795
0.00559114481911549 -0.8096931040824471 0.6152283949456603
-0.1427653824211339 0.12765998889896712 -0.1259845521237654
0.6581223484300949 -0.1850367651363296 0.645864357190874
0.9066749834562513 -0.7293360797135398 1.2946572435100414
-0.4830157789837366 0.07605360861556809 -0.45866793308140713
-0.791849610417388 -0.3370521225417489 -0.5982939658579166
0.5418526151342264 0.48980802572447457 0.7533411651580686
0.016699323464231197 -0.7467898947071625 0.5459305374303466
0.1508613305692259 -0.47161954035535536 0.3708852571739175
0.08078069287903955 0.3882473535738993 0.2308587004484763
-0.4192074074117913 -0.4179325703403438 -0.2332557798073768
0.6538651388648018 0.33879250330032673 0.7227873486673919
-0.4508006578707784 0.484507284915352 -0.20308911208385247
0.611374950673949 0.4470929133798671 0.7725574480233678
0.6998033094571596 0.2263066376282683 0.6952595458359586
0.09769049363082116 -0.04917014118716745 0.09995288441498675
0.48508587375193035 0.0338137233071969 0.4674276957214944
0.4473304091590371 -0.3444312400772229 0.5509149681369896
0.8842847970903622 0.4071254174028387 0.9384550475760196
0.8606882163655156 -0.8983288992662743 1.4805032355159247
-0.8600761607324858 -0.08056531218405172 -0.7514015268614955
0.9711450423636447 0.49665217579999643 1.069702163471243
0.0921775008119845 0.3759633745801856 0.23292527535767316
-0.3318142472695389 -0.589582241839673 0.014890266747772773
0.6831221240979848 0.3319981962246008 0.7412173877818562
0.8329871413424217 0.7800030569945346 1.311503228869916
0.46955171213749347 -0.2970273262813232 0.5405973847355726
-0.6247287789786842 0.6499141379870135 -0.17493720367179705
0.6515417841026607 0.5728180067289335 0.9286774163097676
-0.07396709748746177 -0.9140642509144805 0.6677413647495121
0.33949446791928595 0.4648192920825336 0.5473904046859059
-0.7008934085940066 0.667088967874101 -0.214435924309138
-0.6519154601798502 0.5039180150612501 -0.35549703873520905
-0.7258866006924962 0.917882959518924 0.08251672138080646
-0.04607254821792739 -0.34104970830219905 0.06999655672800772
-0.8145420442286124 0.09781314271847186 -0.7178441599810129
0.9974219772246091 0.15695346005973998 0.8647071755338793
-0.7677139949919849 0.897099799064548 0.026191447790559597
0.15071083599744628 -0.6769328564391388 0.5925096054892407
0.6400890025955202 -0.8003056750239652 1.1948545614659856
-0.6680290553888133 0.5651296035665212 -0.30547003833066066
-0.1524652805892035 0.17575027931696674 -0.12099202474430497
0.5362942148552816 -0.3537032338759598 0.6357338680339163
0.9536358180180442 0.9938489235638148 1.6503064462575892
-0.08312350502806432 0.6685579142917715 0.3492070883975257
0.40246307946469617 -0.2522462624434161 0.45527105719978345
-0.20544315235162713 0.43949997713860567 -0.01203970718927655
-0.37892080336097655 0.4667616724289081 -0.15377103125229388
0.9130747691152392 0.3872570349593829 0.9407936338525935
-0.21620237698584677 0.6790235539613121 0.23038733602423997
0.12795754387790415 -0.8767544422150331 0.8228088341119808
-0.616248176140753 -0.3699137629574818 -0.44156798150028254
0.28145355004939776 -0.24181683746930704 0.3361943620573374
0.14788662525949725 0.4304156001636392 0.33154787734231267
-0.7543654416513026 -0.12165448127367462 -0.6700271273882703
-0.8977277257355194 0.903847653540554 -0.05285720970824381
0.3732190175961858 -0.037065545150632095 0.3659885855765647
-0.8120994810330531 -0.1961000792830503 -0.6872874021007874
0.10205777006177263 0.33057878856737233 0.2109456391894496
0.06476777807723955 -0.7506487565141144 0.5988484808107354
-0.6480512603647375 0.7826324696859581 -0.02870799632630061
0.4805237381069123 -0.02943150108848469 0.46310987837655704
-0.9760471435562579 0.03078845033232125 -0.8273411292477149
-0.13841635466351287 0.5942861698869253 0.20790477993013423
0.9225274037829889 0.06564478979645294 0.8014394545939628
0.8247565716046306 0.6112791679279819 1.0994099687352468
0.7735038128679828 -0.8593997841629126 1.3718761105423423
-0.48006795611720143 -0.06960284988334786 -0.45699491344427673
-0.7889936490165623 -0.5555345027481673 -0.4059018206955485
-0.5517203874479084 -0.17267835505024864 -0.49433973120085156
-0.34379430411734213 -0.3896082843129458 -0.18584942641687455
-0.5272433375926255 -0.33343621550350555 -0.39220215164709776
-0.32949362702762963 0.46790590269313115 -0.10637285637914984
-0.06486997367360314 0.5956623035646362 0.2825910764898747
0.23437499950201346 -0.5013681561436096 0.4809662819229982
0.7001659137942211 -0.13876659173548145 0.6635995532124985
0.3878494167606734 0.40078479459713967 0.5381370432057087
0.9776759714791532 -0.21799794413815277 0.8767058101822943
0.05424443730678785 0.05905606248452289 0.05770545066092801
0.03198854083375746 0.9526339014610326 0.8199569838360963
0.750576825258213 0.03314601490473157 0.6831593613037553
-0.4152451907262238 0.6825791407302413 0.04582552379561211
0.8782239674757124 -0.9955894380705246 1.6062889520315582
0.8976767279422062 -0.49553246612871105 1.0249728436677037
-0.28756810770021457 -0.4389589361061874 -0.09212619495057134
0.12767892445446116 0.1327297482891725 0.14494858022935014
0.2920629097804939 -0.8241552523290121 0.9161239552956094
0.4232570451332325 0.8328658699960416 1.0500922029421085
-0.2863174653728502 0.2244476721914328 -0.23206607550408664
-0.07448504624118524 0.6038340632399539 0.2821739772207651
-0.2215733876725816 0.8770103285627122 0.47575787393643887
0.20473200239294842 0.12806881481883625 0.2197056525601382
-0.8436814869576559 0.4000802547745619 -0.587713727504149
-0.1642843908583702 -0.5062479410785308 0.08994416161460322
-0.5698139144325864 0.11496996033624374 -0.5262576668942959
0.627464288494384 0.27655298083933766 0.6635009522364992
0.09029749602785286 -0.4818608724270981 0.3202840447824601
-0.20567432374905525 -0.17044795193671325 -0.175178900105613
-0.3025869876472136 -0.447030720613522 -0.0994816055960484
0.7134526689474512 -0.3846407769226816 0.8018576356306388
0.09992184687051209 -0.024188242368660795 0.10034072468815647
0.5024210447403197 0.25991213042879036 0.5490517437259943
-0.08447516191794313 0.22443729062496653 -0.03402392968760955
-0.44270207568837994 0.4752740162168765 -0.20441326662424872
-0.6172631697242346 0.12686892123794902 -0.5627105118795717
0.49178568105617426 0.41215826172588343 0.6412592925968991
-0.8760474342343292 0.34776962014511303 -0.6475654071377197
0.8447364112854752 0.07807250078624772 0.7538914117533515
-0.5272460353547999 -0.6257061671891222 -0.12157234986173238
0.21902124047093596 -0.145259373697173 0.23837306973971564
0.11299777618574414 0.43700655127749677 0.3025734510550448
0.26858881244882093 0.5827784230110806 0.5985100110476085
-0.7731802211744949 -0.8093301376816509 -0.08924347471024863
0.45877363186591835 0.5679095402361802 0.7598076973465064
0.35837582059224893 0.7167882362904587 0.8422311122247841
0.6071239862348756 -0.6135937128485378 0.938173090537784
-0.4725350420238741 -0.9676293714076529 0.3502292836695411
0.025046922469582844 0.37143681528530226 0.16257234606242185
-0.5515897402379422 0.2795122502111358 -0.4459942174010537
-0.8341233794400142 -0.8788119244867991 -0.04291581980881287
0.9290194807848122 0.7844372627073877 1.3782710452826832
-0.47163744533943097 0.3269452967052817 -0.3476557918374316
0.8939838606675754 -0.8883095499700988 1.4892882602700084
0.8800960988710398 0.658252657912177 1.1906650983458396
0.8533817088630609 -0.44897072709066577 0.9537203841244299
-0.26587045417778565 0.8583963511104631 0.40920493196079033
-0.4802168545336454 0.37015731905346594 -0.32538338360207386
-0.15253647646682 -0.05404384429084019 -0.1490249106807344
-0.8589475901814196 -0.3862654920636266 -0.6085074249565353
0.4747959968786335 -0.540259351224575 0.7449103959073671
-0.9217705272144889 0.8408467045857466 -0.14709961361262314
0.0810681253675396 0.09135998949289181 0.08932590813544193
-0.8511892432039019 -0.6934250357556069 -0.2895421906609386
0.7316696638878379 -0.6490320432407057 1.0770076317078492
0.9304120068342512 -0.8904693261684116 1.5142826160935594
-0.7738633979856957 -0.881216886447451 0.001914125792667476
0.32260489762163025 0.019079570715308636 0.3174021816695422
-0.7663435451085743 -0.6277348858037555 -0.30957341083629303
0.5857965212668061 0.35038369436100436 0.6753238437285527
0.8887840531276172 0.9743185987575258 1.5893120661708062
0.8082441329095533 0.7620828190792734 1.2717434279289566
0.6785485921819874 0.4852055337896499 0.8609194963497773
-0.9382694734712507 0.8135429963965513 -0.19195721931910759
-0.6008223509155959 -0.11655317324200754 -0.5517367735216362
-0.3698312600484197 -0.2287200043612434 -0.3091691224633434
0.2603565366399645 0.5409328793501629 0.5458758026166589
0.4095163165421494 -0.3972919609774983 0.5553520019279767
0.8951857383711281 -0.6264750787640516 1.1627979754213933
-0.3275416773684048 0.4607537516250928 -0.11101340279232105
0.3729935825967099 -0.038799164174536216 0.36591018097089034
0.5125604335776219 0.027502115700154706 0.4911666148789945
-0.1231766424109324 0.06154676636922529 -0.11907740060096068
-0.1301146914864486 0.2283136046789247 -0.07764436711482509
0.020743499472649418 -0.7086516339319773 0.5020857966757918
0.4421183538669584 0.05171044854697482 0.4305290594344534
-0.6241269986125872 0.03738702642642022 -0.582991288851588
-0.5068321348818052 -0.3081306833683293 -0.39060812841101356
-0.1533433558552988 0.3515204283381872 -0.02949070357018263
-0.676595950992106 0.006700502656052487 -0.6260975936709723
0.6613734277147238 0.41799167460573106 0.7880307630401466
-0.4368926656623646 -0.701951844766421 0.04991248472891324
0.7929596093100368 0.9772784139519664 1.5287892259607805
-0.9601511192864813 -0.6143793556293979 -0.45071590926774596
0.18500158429108238 -0.6926569925939983 0.6455265358821696
-0.963369384813274 -0.19134677171111214 -0.7845139169671818
-0.9571708503032819 -0.4841305321115421 -0.585323428960758
0.9984489907403729 -0.6538145791756351 1.2552049351399415
0.02882513515859464 0.8266512798875589 0.6602173164685636
0.6676884285033267 0.34498144248214513 0.7379039181140086
-0.9631178447320268 0.8290064917877851 -0.18656051544645202
-0.08445472584282188 -0.21958604336868004 -0.03615501636776733
-0.35123869932685325 -0.9270626066562333 0.41341924901216387
-0.29570495035741606 0.17900273746578899 -0.25937777839128817
-0.26059795498003013 -0.18066603460359976 -0.22502394295580316
0.10677764416421054 0.8373799166778177 0.7517138057399944
0.19250945883575876 0.49680034776066684 0.43563503979663565
0.5816569547219119 -0.22824776994666407 0.6014826461633914
-0.836499935651523 -0.7764489095080749 -0.1752911466523026
-0.20062669637678177 -0.5574201753049404 0.10645812500390006
0.1687247307892712 -0.13111512296074568 0.18511565463980018
0.297139518112721 0.4012309316738647 0.4530780709163827
0.1670566833006466 0.5078893953591257 0.421381229691566
-0.7523186895137939 0.2561852582526636 -0.6177497053232783
-0.009478342927047967 0.9910185691650306 0.822196970990993
-0.5353195926960257 -0.27484213641241184 -0.4346495655925118
-0.05632848653575451 -0.8074997563888944 0.5505230559318716
-0.7480847206961092 0.09807183246898177 -0.6706181860734823
-0.36818541174705643 -0.10985836577292774 -0.34785447974727035
-0.9122033777376957 0.9342226298968672 -0.024740728460762362
-0.243858200816222 0.8412800797279849 0.40867899413176656
-0.2949886081208717 0.6902911516748029 0.16794458624294178
0.9510246639713533 0.8367105299607822 1.4582934298472443
-0.7991360097407745 -0.40878283528477977 -0.5504270706051327
-0.7691453648265412 -0.952139825416332 0.09187267127374432
-0.692667256765161 0.6851614475155612 -0.1861995530822425
0.45815613471430416 0.13129181932011513 0.4595318413245865
0.28620014530238325 -0.9609101222217518 1.0799345837280034
0.6014600710714044 0.05214027764596141 0.5685655249721796
-0.3223081018190421 0.3865659914260773 -0.1678789147188377
