1 1 0 1040
x1 f
0.49770602472097747 1.1556896384645525
-0.8805947075977629 -0.8760716841656039
-0.49382449319605515 -0.7213639218740255
0.752033167377339 1.651238442279314
-0.5893369444258725 -0.795473125762461
0.8064045158454698 1.7153006652012204
-0.9020113576484523 -0.8728474343015472
-0.01440803007175262 -0.02860749306701875
0.2444020976623178 0.5414437261788756
0.763673312817881 1.666612482771198
0.7281720519571979 1.6171082227115032
0.686110093512383 1.5490758193950178
-0.8776116966334719 -0.8764179711848059
0.9497654462580769 1.7740511252423687
-0.17261949829835954 -0.314100455160872
-0.7706362297120819 -0.8724289325560762
0.9399215576183264 1.7757832874705075
-0.44078464259238515 -0.6706542345889319
0.037544621990296845 0.07648017178974634
-0.6904967320122617 -0.849008130301822
-0.9410811228911393 -0.8636142976193735
0.5695160127019121 1.3187228187838103
0.6372699279092713 1.4591152155392133
0.27552517462765214 0.6163018284399615
-0.5415830224164548 -0.761221316442837
-0.5773293259829924 -0.7873937100281369
-0.5766091686002073 -0.7868977061090838
-0.8941327063306252 -0.8741843879904246
0.9771036291987096 1.7644109200844915
0.17705905980418368 0.38303893849390636
-0.522502890112948 -0.74596392490096
-0.20041497714401046 -0.3586398566355485
-0.09597403302878371 -0.18248096738887915
-0.620965377412318 -0.8150208391920665
-0.5437457924174247 -0.7628944810388846
-0.23506585565432192 -0.4117495712551746
0.503775256474787 1.1698894718917088
-0.13037839685006225 -0.24314644752003398
-0.7179910730212267 -0.8589721963642069
0.8002832480356403 1.7091075425303646
-0.954070064524154 -0.8595826023649406
0.827461908391175 1.7344971965960472
-0.8652748323340311 -0.8775839460082306
0.17264281836036144 0.3728547665424659
-0.2616073206997056 -0.45060336238373166
0.7212641708647534 1.606600214644743
-0.5365041548404008 -0.7572470519249378
0.019569486752216925 0.039519365449408844
-0.5071503212705459 -0.7330426478822151
-0.10895730143697802 -0.20567500925068344
0.7714829364594689 1.6764373191604793
0.43137332442359866 0.9970817092499129
0.578524506984323 1.3382620630870068
0.16492078506465346 0.35511416624377823
-0.5550324567881539 -0.7714392937280468
0.6985375590336782 1.5701580421286425
-0.30761358290718377 -0.514165904703676
-0.9847373252448339 -0.8481559981671764
0.6988064916203593 1.5706054863697847
0.048756704536087936 0.099849029858356
-0.020954458397024922 -0.041466854965434924
-0.8576992576112117 -0.8780879117872357
-0.7363731373086537 -0.8645158912819338
0.13022929280383644 0.27651956936602906
0.06742012617435589 0.13927255851101197
-0.8641221960911507 -0.8776710176327713
0.25188673870951495 0.5593653065460622
-0.5976297850276342 -0.8008422657339598
0.18024331422672857 0.3903990401654335
0.46663252674280775 1.082072933644707
-0.5777227383749839 -0.7876641244598344
-0.08286878690698996 -0.15870237793035297
0.001487287476791499 0.0029767858785330246
0.7975822388844258 1.706289221907999
-0.9919234402533701 -0.8450910468576789
0.9102947299142257 1.7755831893916931
0.3203202294430043 0.725300261957362
0.8557359977763754 1.7549053616419967
0.5058415752328684 1.1747089651185207
0.09040950906393586 0.1887101758184021
-0.3795038288670487 -0.603770066920885
0.09629842873320893 0.2015254808211609
-0.26098985801615204 -0.4497175551541527
0.5316206390576323 1.2341358885805755
-0.2897833169971742 -0.49010368409552285
-0.28330869046718044 -0.48118655183106596
0.07563643347582216 0.15683191883123054
0.0041172948471766 0.008251518401331034
-0.03538716130081787 -0.06950805770833238
-0.443426241705253 -0.6733384626481428
0.31788552989917296 0.719348100812492
-0.6774133478045783 -0.8435690658160077
-0.6128368949029164 -0.8102382941196763
-0.2685564459168759 -0.46051294501406426
0.5140328517992176 1.1937361514375389
-0.22991286017410917 -0.40402202827838674
-0.18924806950768192 -0.3409523739474042
0.00799704698742798 0.01605787419681251
-0.3693510479896498 -0.5918405319137781
0.9759344323476193 1.764970343615004
-0.785261452174103 -0.8748380067381148
0.7884318767425595 1.6963578607805845
-0.6932036716323893 -0.8500775151862668
-0.9964584722638345 -0.8430811941631515
0.12367300701252382 0.2618791417500542
-0.03756728077822591 -0.07370654814182728
0.15130372450472662 0.324043984818908
-0.6975727159705478 -0.8517629259533768
-3.338196112467884e-05 -6.676280788162998e-05
-0.28738150130523343 -0.4868069434328428
0.7681388517091179 1.6722792512414784
0.35212016870176477 0.8032128614386729
0.2101262415473455 0.4601312941805741
-0.22019790464877786 -0.38929098014898883
-0.5723640194812238 -0.7839476400407821
0.8454253884410172 1.7481969236583206
0.16122410021328348 0.34665210670529256
-0.9343175435658897 -0.8655233946911641
-0.5006214311815342 -0.7273743882490351
0.5722721245396871 1.3247259277913748
-0.15037792893991786 -0.2772288991120113
-0.5971154228693045 -0.8005142688637634
0.9610782869429204 1.7709296126592489
-0.380071975633522 -0.6044305537201855
0.6953425594525544 1.564813488381635
-0.3520282993393944 -0.5709338393186179
-0.7479373595338634 -0.8675403629706671
-0.10778485982755659 -0.20359540538143106
0.24200302358760628 0.5357110164242974
-0.3887619286697517 -0.6144391119711281
0.8305339472628099 1.7370179841489946
0.7399119034920578 1.6343289904807654
0.4242002089325616 0.9796514830107967
0.19561656660686744 0.42612734515045
0.5900782684843349 1.362962990123318
-0.11076042294961108 -0.20886748245742603
-0.4536411674446994 -0.6835623818822124
-0.6906489191940668 -0.8490687623000521
0.8540188510655722 1.7538476944628396
0.1953053488153551 0.42540093774481247
0.7406587466075643 1.6353967715772921
-0.8210695344845547 -0.8782614989185136
0.44393916274963185 1.0275142995594868
0.1382967584492787 0.2946296866473609
0.45208060422499896 1.0471525103303017
0.9887198095134733 1.7581306310287013
-0.11615750580711826 -0.21838115655711876
-0.46305830761843114 -0.6927678962113754
-0.6338671877939488 -0.8222669813192046
0.07178787494636074 0.14859171227707715
0.2578398057473035 0.5736577833212555
0.46592103216224157 1.0803714272839215
-0.2795046490667066 -0.47590295187728315
0.6730905901215352 1.5261646971146754
0.40185077723835483 0.9251310391396008
-0.4630928260843532 -0.6928012500517773
0.8899839613120448 1.7708787423073469
0.8954464451593758 1.772501024801708
0.7654925068518146 1.6689367231887753
-0.43593242411982436 -0.6656806413080717
-0.8207374078773444 -0.8782459961423883
-0.028595027791484373 -0.05636491127531963
0.715349964954602 1.597388939972866
-0.6023426342854319 -0.8038165529461558
-0.47805366872596466 -0.7069891782028981
0.8625802888535357 1.7588817355246023
0.16884518789324798 0.364119341065142
-0.36764380311147926 -0.5898109837890084
0.6202289264841656 1.4253367058499076
0.8182762442767217 1.7265308735916487
0.33583200991432305 0.7632729468964665
-0.8705194492398391 -0.8771406078713914
-0.6267451892040612 -0.8183194302964443
-0.5415406035105164 -0.7611883853848775
-0.6146457854264775 -0.8113170773737053
0.3573100301469805 0.8159465249506068
-0.06250109262511816 -0.1210215908814277
0.4774529257332476 1.1078676883368608
-0.16385527036109737 -0.29970154221953665
0.322858266990494 0.7315076040791473
-0.7455774946647307 -0.8669523350419935
-0.7450061381123823 -0.866807713704999
0.6951939747728482 1.5645636515935148
0.5086187560507691 1.1811741431661598
-0.8635947339997647 -0.877709618127064
0.8665669411563357 1.7610200484271386
0.5525179688651976 1.2812336918336658
0.34990550562774936 0.7977797914899536
-0.3779043394078512 -0.6019065780951287
-0.947268789507117 -0.8617536348104369
-0.252020157814725 -0.4367523774240537
-0.6452734670367035 -0.8283190302910207
0.4302436413481714 0.9943392487173875
-0.49730792564201587 -0.7244582239687714
0.19881010105826658 0.4335885717926173
-0.5370165968662204 -0.7576509126560859
0.9770092638914387 1.7644565626357371
-0.28978999289154794 -0.49011282912778054
-0.17747101384019714 -0.3219980581388024
-0.8953549895115211 -0.8739884919994367
-0.6805614285173216 -0.8449186590684303
-0.42486588980331086 -0.6541290037357335
0.1670647396663154 0.36003104519745494
0.46529870052795963 1.0788826296599852
-0.09531292370149536 -0.18129023058445365
-0.8596223140252341 -0.877975232753205
0.7647992608901608 1.6680535521759112
-0.1366622506663393 -0.25394938209977064
-0.6461241036552356 -0.8287570009966413
0.15622153897493107 0.33523299955535457
0.34245552668622325 0.7795083782362557
-0.02854231437942123 -0.0562625370043845
-0.8142456698841056 -0.8778816625241017
-0.5079086984666834 -0.733694364464641
0.4037261863536188 0.9297162520007847
-0.6979581030018145 -0.8519091849190294
0.02500460251840453 0.0506290237626768
-0.9771001498274257 -0.8512521789464514
0.9343931442775641 1.7763586336807107
-0.429000256202966 -0.658478445631122
-0.7570907969654594 -0.8696792794519379
-0.8920630194143817 -0.8745064594219841
0.6166671063135072 1.4181360366078613
-0.2737407047354623 -0.46783445133569845
-0.6629471032388303 -0.8370358238087452
-0.16574158479937728 -0.30281493096940587
-0.12620292273252098 -0.2359205551333974
0.8298797855044016 1.736487285990155
-0.3511981897995977 -0.5699145372906059
-0.9312935252891534 -0.866334825599398
0.7379986297714605 1.631578234864409
-0.9396592610887939 -0.8640264485383055
-0.8791242456274428 -0.8762455207096896
0.6797808823775717 1.5380408153405676
-0.8587210673516925 -0.8780293315173631
-0.0531392800302557 -0.10340854403147538
-0.5564658289416946 -0.7725019787477523
-0.025933810831025417 -0.051189465620147895
-0.6762648818766726 -0.8430702816400452
-0.8964047841765657 -0.8738168656152867
-0.04648439532841042 -0.09077674142535169
0.6353683656179627 1.4554027062409078
0.047056284294855866 0.09628956595686178
-0.18525203276929592 -0.3345555595131444
-0.5974636672328011 -0.8007364089683778
-0.1075728462494252 -0.20321903223329513
0.03572997392064314 0.07272053092043396
0.2324908398941392 0.5130397722892518
-0.12484656010873518 -0.23356512970520188
-0.8107803894134995 -0.8776394818982778
-0.7430377807643938 -0.8663027688715724
0.4543264403427443 1.0525576347978194
-0.4212559373406459 -0.6502982904443992
-0.04307583819955596 -0.08427115638623484
0.7011187261406486 1.5744369001605558
0.868954234678746 1.7622373014296775
0.22781520147196477 0.5019314215149908
-0.5103377388955681 -0.7357723900908886
-0.28108039218843284 -0.47809556513533746
0.5460526590280714 1.2667752306582867
0.8730256829383392 1.7642033068108467
-0.7936406210523925 -0.8759550220321344
-0.8991104726702159 -0.8733601408531825
-0.8092498580316161 -0.8775219607621866
-0.7672151244263514 -0.8717814068066005
0.5357859186700396 1.2436058507159609
-0.9763893950008302 -0.8515318755617425
-0.7939966615771819 -0.8759982252699785
0.14792482590574596 0.3163776541765825
-0.020288945700312366 -0.04016354923166769
0.7151080889885197 1.5970080670981426
-0.6483135407355847 -0.8298757325163182
0.7863303967133297 1.6939944029485585
-0.37585602667362217 -0.5995114903725416
0.0016894413768662186 0.0033817353544770092
-0.5232539129613658 -0.7465812995459616
-0.23611933547324426 -0.4133220361878821
0.6088090126025569 1.4020858861303622
0.9263534248860035 1.7766900841676685
-0.34869647081842814 -0.5668330091375136
-0.07050699821173256 -0.13593745440410904
0.07292422145178801 0.15102196117875832
-0.11454562296316584 -0.21554642014357536
-0.06814091369715802 -0.13154326224709453
-0.7779750965685268 -0.8737106567902794
0.40179314590548354 0.9249901107597647
0.8591681106360007 1.7569473366558517
-0.7490857615053574 -0.8678211007401408
0.7673254236604679 1.6712567062094794
-0.4984244979412338 -0.7254438652394961
0.9343154949227257 1.7763646916367526
0.6765656933091886 1.532360245325369
0.9392051537572712 1.7758738981047062
0.2975216182128668 0.6696750944561576
0.26612301661979143 0.593597848607599
0.8400063575620769 1.7443303818554075
-0.051527656063713234 -0.10035796072872519
-0.6213525861011462 -0.8152444773376508
0.1614385057619685 0.3471423513685681
-0.3456871389476921 -0.5631070593777973
0.03026459146472482 0.06143545634292559
-0.8120503113304713 -0.877732083981727
-0.3953176021480316 -0.6218728978784076
-0.06445217046787599 -0.12466911206854517
0.6631657273075742 1.508158297793154
0.5251647956415306 1.2193821875322346
0.9459633391486488 1.774828081694693
0.4939684738674135 1.146913581592989
-0.23063934125712615 -0.40511509127155243
-0.4008907547442202 -0.6281135239267113
0.3698908478516192 0.8468170210955924
0.3269278097165247 0.7414656488518727
0.2373693787274278 0.5246553648451372
-0.6836818939962421 -0.8462308841031515
-0.45592958391959604 -0.6858188034032185
0.7659833667777063 1.6695601699163176
0.4873011661755102 1.1312013807802364
0.9692050768216824 1.7679329976885292
0.6936308893189995 1.5619285263147322
0.3155299945214831 0.7135918760653467
0.09814269834415845 0.20555139063806532
-0.8386025322997877 -0.8786450940823409
-0.6990558474298691 -0.8523236498543536
0.4271570987739244 0.9868412082972124
-0.6707119853939518 -0.840610194012799
-0.44582031279737033 -0.6757568730611393
-0.6805990537086444 -0.8449346327566614
-0.8346399120533445 -0.8786331614694065
-0.19573347228897764 -0.35125854372939297
0.8796710438935 1.7671118877600998
-0.47858025528224934 -0.7074787951274981
-0.9485696515072317 -0.8613485820015816
-0.6539523624794101 -0.8327001920110917
0.9988095874448775 1.75160440544408
0.5912748952508062 1.365497262326762
-0.24413311725220233 -0.42520187364495665
0.8233957196326893 1.7310496344889335
0.9664132686679534 1.76903392788345
0.9078924788071752 1.7752174147534414
0.9886117777989538 1.7581951045992432
-0.217336440838358 -0.38491169152258375
-0.8112204596855233 -0.877672075747379
0.15615565244782625 0.3350828531173845
0.10230825966456458 0.2146662175551074
-0.9643804107405627 -0.8560400330336779
-0.051603168287204904 -0.10050101618990442
0.7940520229986368 1.7025274903454437
-0.5480821071190276 -0.7662145000081046
-0.5495500569038765 -0.7673279228115442
0.2046581422281457 0.44728550021456037
0.9417344584609242 1.775532574242762
0.2848737324693147 0.6389445168798289
-0.010977261422547402 -0.02183358883911104
0.44845097727411964 1.0384056778425454
0.1660258181807388 0.35764757905629957
-0.5733993498330883 -0.7846712540468903
-0.993685853788308 -0.844316922309194
-0.6360661211316077 -0.8234596309858192
0.29733761176620876 0.6692272835060442
-0.10060431343195475 -0.19079436182922274
-0.47539722541638674 -0.7045090954136176
0.059701696299835794 0.12289002960120417
0.4281877458955048 0.9893457325012416
0.07485321081362928 0.1551527704442025
-0.5129913413935472 -0.7380261632126555
-0.010987572791245181 -0.021853983872268612
-0.46628095149751303 -0.6958695464358304
0.2800170674581062 0.6271733329785785
-0.5840279559215387 -0.7919453684422653
-0.7386063328516836 -0.8651279043386635
0.636387321066207 1.4573938782215512
-0.7721255516853534 -0.8727008901271955
0.5282104372436713 1.2263537778102143
-0.3771838363111064 -0.6010652086072921
0.6192040887103167 1.4232697006351822
0.5734618367066686 1.3273104635777793
-0.9659682944058618 -0.8554675221431873
-0.8903244403346744 -0.8747676429922585
-0.0728737884760855 -0.14032111437989095
-0.0038554500185972174 -0.007696016549308167
-0.770933739679873 -0.8724837411516255
0.3172640765720003 0.7178292202193626
0.6941706944417501 1.5628399753404116
-0.0014629651180075864 -0.0029237889276538423
0.5876755374947433 1.3578605342076646
-0.8558041007050738 -0.87818881185895
-0.8897874902953911 -0.8748465806931379
-0.8357745616337313 -0.8786410467934196
0.5999656576485688 1.3837623644809562
0.7024900321535537 1.5766958841842458
0.345533793519637 0.7870568742481889
-0.7471252457580015 -0.867339691866504
0.8822237226350254 1.7681293412583377
-0.5920624096802494 -0.7972567452768493
-0.6557142870821608 -0.8335659298025991
-0.6761459249073032 -0.8430184216489289
0.6091264305756396 1.4027385069929945
0.22514728162160225 0.4956038409154351
-0.06218293438593103 -0.1204260373894738
-0.39118408965897866 -0.6171974099008569
-0.39140587730710785 -0.6174492914952019
0.3809437561979465 0.8739283478764774
0.14321331574119744 0.30571717117038033
-0.7481561501564673 -0.8675941221092727
0.9739309015529838 1.7658981767716548
-0.22536107670979622 -0.3971464213256582
0.8060017238832653 1.7149014792668043
-0.9546765952758658 -0.859382589733254
0.8165205093288321 1.724935816842177
-0.11736445952220542 -0.22050008073529964
0.24571586749829843 0.5445854970204919
-0.20395536920433122 -0.36418951738312
0.7212703072004956 1.6066096697822465
0.28451686690102895 0.63807899883637
-0.3364555645258167 -0.5515467407128982
-0.12175865648506501 -0.228187839837389
0.3275494937351011 0.7429874072454777
-0.16373408149574575 -0.29950124986567817
0.5480277057700957 1.2712031772331525
0.2275139161429196 0.5012164561395395
-0.5486724834178016 -0.7666629315793915
0.8702489321345019 1.76287755053941
-0.640157495689462 -0.8256457745644721
0.35319552421810885 0.805851138277243
0.8101326760444687 1.7189392608577916
0.21060398525656265 0.4612553676848617
0.18857885040235023 0.4097318989838118
-0.7394962835249539 -0.8653680742042164
-0.8498470237733307 -0.8784404601893688
-0.9913782045984516 -0.8453287472240574
-0.7816407966404584 -0.874295928094999
-0.6551940975879407 -0.8333111631212246
0.1795394907986334 0.38877100449664936
0.04322706126870712 0.08829395743833318
-0.7389264581384838 -0.8652145406074424
-0.18115537129547166 -0.32796084936736286
-0.11426013703762883 -0.215043764301739
-0.8604186105190339 -0.8779255377633444
0.2991196505078646 0.6735650287393632
-0.6540804599727321 -0.8327634038027468
-0.2342881624264701 -0.410587153348992
-0.06283864073608592 -0.12165320702526916
-0.14541175027061937 -0.2688474376607588
-0.17292468152438256 -0.3145987873258711
0.5637499395683547 1.306094009377719
0.6948798934938663 1.5640351670488222
0.353208532572892 0.8058830536375301
0.37164976922238013 0.8511324648952441
0.784534614905648 1.6919505852993764
-0.12016047723342349 -0.22539663130614257
-0.32784695194810154 -0.540589583857508
0.8335979977848424 1.7394597418476885
-0.5409919965212644 -0.7607620873535595
0.5407662659871404 1.2548765129461348
0.413473482366558 0.9535197685113228
-0.8194512304462405 -0.8781830780133968
-0.221620555821068 -0.3914614244027358
-0.6180724709003769 -0.8133379497846389
0.2771849309693608 0.6203170637640096
-0.500893166428205 -0.7276123608604665
0.8113823664615083 1.7201361315693524
0.415351425358347 0.9580998878164517
0.9368685648193316 1.7761361750762614
0.3223951590538561 0.7303747818760497
-0.1452158349574193 -0.2685156807622808
-0.3134051732319387 -0.5218253188955797
-0.5921818141017414 -0.7973344609850948
0.31909298209915904 0.7222996769978363
0.6126728793315797 1.410005688025638
0.8771630526827954 1.7660581528873949
0.8414672367435649 1.7453956167031852
0.07060949879377376 0.14607406130296238
-0.06830867630259463 -0.13185521340827394
-0.040107864340674926 -0.07858682574926268
-0.2358866219979323 -0.41297489400280085
-0.5835946615925383 -0.791654338093914
0.45264634624928 1.0485146117556021
-0.33316571102970416 -0.5473795118837019
-0.4387616595969137 -0.668587424575762
0.15067651290904194 0.32261959304206744
-0.4883664564593142 -0.7164567567721412
0.07252104290013572 0.1501594338689085
0.016003941122197274 0.03226260872351672
-0.5243272924236053 -0.7474612783050157
0.613079622179229 1.4108362758020498
-0.8603796399858397 -0.8779280112260611
0.6001721719982656 1.3841933282095968
0.6482179708412479 1.4802001550279031
-0.7542517585287454 -0.869040043615843
-0.48245488903186895 -0.7110609423469891
-0.22355215951784424 -0.394401075967043
0.3672959455837643 0.8404500861010251
-0.3550242195604416 -0.5745993101899889
-0.5399806704773487 -0.7599742943588261
-0.7147796340363273 -0.8579114100240175
-0.49813920944612344 -0.7251923165435925
0.1596157010912267 0.3429766255882917
-0.7357697394882199 -0.8643482368885078
-0.38603928368080376 -0.6113222804281273
0.09744715587215991 0.20403237584883172
0.48887800162256667 1.1349237615641954
0.17146507317139315 0.3701434722981517
0.47575923784785323 1.1038405839577345
-0.1387006544349607 -0.2574352007060138
-0.9213828851772978 -0.8688117732510948
0.31432211873314975 0.7106411431345219
-0.9314791908175717 -0.866285756153675
0.5811532988316632 1.3439184229841938
-0.6161507942510303 -0.8122083154093587
0.9586855874929847 1.7716913544434734
0.11957309191762344 0.2527596740996451
-0.6442941235516169 -0.8278124902846824
0.7921945798986076 1.700512913617474
0.02047438216617814 0.04136501408901471
-0.06406240266626084 -0.12394108556077475
-0.19210290644217243 -0.3455006246411896
0.9898878897165009 1.757426222321722
0.9483111296653768 1.774364406868364
-0.024870880845730525 -0.049118259666804234
0.509954953951917 1.1842796389615313
-0.004624987471011144 -0.009228551683725085
0.17057641069845086 0.3680989890391475
-0.3033284356462742 -0.5084493477218461
0.26727773472057703 0.5963823041972383
-0.4704902646423461 -0.6998834482386979
-0.35478322825812647 -0.5743052284588792
0.9533168444337596 1.773202078788236
0.7193657281739108 1.6036648016485895
-0.49970613298742084 -0.7265715009224447
-0.19952592156229776 -0.35724184443693224
0.5502675864804745 1.2762130847975175
-0.7668899449558226 -0.8717182055776942
-0.17262147590566657 -0.31410368504929254
-0.2580016885426957 -0.44541855189190815
-0.7486873589119161 -0.8677241095567002
-0.283322873846652 -0.4812061901290575
-0.5040692291972297 -0.7303805593859167
-0.3400181031135916 -0.5560312518543399
0.7343641193265349 1.6262926197372174
-0.6130447456995882 -0.8103626731244
-0.6343328682253315 -0.8225205870124942
-0.9915602022198404 -0.8452494977664589
-0.745993432612412 -0.8670570650327869
0.7359615038046063 1.6286253464561433
-0.5790660849251934 -0.788584573737825
-0.07350302291366018 -0.14148455816763034
-0.7530257675410434 -0.8687572754743793
0.8344213355139889 1.7401034610759527
-0.1091608507388615 -0.2060357500703595
-0.43467274404895884 -0.6643803395781279
0.8109348585397564 1.7197088586305362
0.14661022566635795 0.31339971977136577
0.291590050099074 0.6552501602462131
0.4407974790804885 1.019918785427748
0.7902596302116403 1.6983885405280956
-0.05898998741950878 -0.11443744618129834
-0.6168738445542781 -0.8126344506594934
0.9862006366972282 1.7596043749586638
-0.4943975152132918 -0.721874944395871
0.24745661823179743 0.548750995735478
0.614858275748416 1.414461324045086
0.1977096911495877 0.431016135960282
-0.8184974927144495 -0.8781334644890266
0.810577017570141 1.719366137694467
0.7413755949528553 1.6364185031321847
-0.1819932908810702 -0.3293127428996212
0.8725046638222289 1.7639594846921272
-0.8307268237007837 -0.8785784839261166
0.7080381742887787 1.5857332883551434
0.40928750946354486 0.9433034060918785
0.8454194319777717 1.7481928015981003
-0.5889185488156259 -0.7951976679809876
-0.3327566895820382 -0.5468596658956887
0.5108461067504886 1.1863489165987104
-0.3290010941317125 -0.5420684910618743
0.685373160908668 1.5478011457577159
-0.4346290105084307 -0.6643351283163719
-0.19545094303853072 -0.3508115179329192
-0.1281986593003679 -0.23937902468872185
-0.3910229069619269 -0.6170142845296276
0.28952097708619595 0.6502236949221128
0.34251622983516583 0.7796572168086451
-0.2692463131299725 -0.46149073354241554
0.39533739544074264 0.9091949229932434
0.13963288113783623 0.2976390567909497
0.7228160674922361 1.6089846460805286
-0.7839532524956467 -0.8746462767602843
0.9202354145431098 1.7765445621279858
-0.9466832803038818 -0.861934372828451
0.47691722510327716 1.1065943812686634
-0.42591124273840664 -0.6552325468549216
0.9434089307405726 1.7752736830136022
0.37130019917065504 0.8502748315452375
-0.3842175851859413 -0.6092271783261655
0.7245064341965732 1.6115662397994193
0.7078486728450759 1.5854273329759185
-0.9803007788706324 -0.8499748351177312
-0.002467434237440669 -0.004928775254217222
-0.0037668122546758998 -0.007519417919476866
-0.1068888242005952 -0.20200407382200347
-0.6038326514526253 -0.804745268115732
-0.2389155005257657 -0.4174835815420147
0.17127958424396028 0.3697166376358159
-0.8787528759913026 -0.876288459171616
-0.2756919046665489 -0.47057423927482966
0.361008338618787 0.8250214544283005
0.8135560644026278 1.72219052341584
-0.777219525500009 -0.8735854674682251
-0.9732572494246996 -0.8527472930774673
0.8602876178179124 1.757592548154138
0.47862793507629364 1.1106591437878808
0.8123071973971001 1.7210144673819738
0.5293473117938794 1.2289509781963397
0.5685836431221798 1.316687093719025
0.7470725031534533 1.6444273010928558
0.39337446920399066 0.9043891254875125
-0.6145840199842778 -0.8112803784390497
0.6210063052254104 1.426901985473748
-0.36099018040468667 -0.5818366999051718
0.10894045623414494 0.22923993267398773
-0.3459703717426912 -0.5634586306832561
0.7204507524294235 1.6053449790436307
-0.9064475475231342 -0.8720172528145613
-0.18616875968412927 -0.33602618290467756
0.7376801367957702 1.6311182007853868
0.08137757302877713 0.1691741330318482
-0.24678192431131651 -0.42909669186540905
-0.7794240887630266 -0.8739463848199432
-0.7119244597519534 -0.8569453393332643
0.7424696593437967 1.6379718916222488
-0.848820141526951 -0.8784738039737026
-0.1445672569664982 -0.2674167987905203
-0.43554410126371224 -0.6652801962096693
0.17144633970216883 0.3701003618638237
-0.20277471996309537 -0.3623419267526072
0.011012567344861557 0.022145958707674884
-0.407507157975441 -0.6354278876635115
-0.5801705956435577 -0.7893380032040083
-0.6004936870291055 -0.802656343186835
-0.06252766092164808 -0.12107131386434752
-0.24915374250869027 -0.43257078509870095
-0.5415285723488996 -0.7611790444319741
0.7303034789366898 1.620294964991455
-0.039580498798075014 -0.07757489324852292
0.4658966496182 1.080313106286634
-0.6781845565332223 -0.8439020760900073
0.9438396142882306 1.77520284609263
0.8314055985381008 1.73771999614274
0.4778141067837489 1.1087259507511618
0.8170304076367969 1.7254014250543679
-0.17413843911533666 -0.3165786861992804
0.9993638410688717 1.751216905676142
0.8478151026274183 1.7498278363359532
0.08205763874943339 0.17064005256707238
-0.9782226826674787 -0.8508075079992066
0.3204509603668606 0.7256199315269756
0.11778479669302322 0.248790670248291
0.1350079942277631 0.28723440281791585
0.8261661367381397 1.7334122467411657
0.8353520577756444 1.7408247887276032
0.08642290422207677 0.18006929355673917
0.5539205289615261 1.2843562383147895
0.661723277508715 1.5055036090084315
0.8081852275352563 1.7170512724474905
-0.3871651384667816 -0.6126132349214801
-0.2747162584667415 -0.4692053615712396
-0.5143496549216158 -0.7391731970673776
-0.48715248255583665 -0.7153555538162714
0.26259063427009854 0.5850870299309572
0.1979884281334816 0.4316675937887129
-0.2991229928027317 -0.5027982948087563
0.7522519703100143 1.6515353395705223
0.96429841621265 1.7698180409784496
-0.2781086237013768 -0.47395569423590156
0.24253840298665996 0.5369898278628144
0.1378444670180854 0.2936116228326625
-0.4926040283507853 -0.7202728686961541
-0.5638826056083042 -0.777919534146587
-0.9820014562121968 -0.8492842385622457
-0.19862000885517084 -0.3558155117026709
-0.3930756253197356 -0.619341914752783
0.6271505418055321 1.4391929724341792
-0.6094120948775665 -0.808173138337088
-0.8476974637007251 -0.8785068842059669
0.4966616503714234 1.153239736686439
-0.06619161921855676 -0.12791423370496346
0.8856309791676378 1.7694004282448637
-0.7384234857046157 -0.8650782967509006
0.4586921162548536 1.0630486974599669
0.7694897531611158 1.6739678480185511
0.8512756164837327 1.7521084205860427
0.21326959153221559 0.4675322987448184
0.01617678350145746 0.03261380945753682
-0.5327105123007674 -0.7542372337043295
0.8044863717029191 1.7133891388623532
0.5624659771650122 1.3032692991572565
-0.015258220798845201 -0.030282470893035783
-0.3622674911300472 -0.583375504888743
0.5215387374753231 1.2110563000393941
0.3634360865578816 0.830978790582092
-0.6421417712229989 -0.8266905911035578
-0.12268233164625242 -0.22979850342220454
0.7823030192615006 1.6893798956081565
0.840484693241422 1.7446810247701092
0.7829083801576084 1.6900806120132095
0.6667859614713427 1.5147792200096528
0.44500319456619253 1.0300846406296609
-0.356804985707877 -0.5767682125207301
-0.9150296327976499 -0.8702527487456366
0.8339367074301713 1.7397251966724112
0.29977686954833116 0.6751652709992474
-0.9876779498432375 -0.8469195572870168
-0.015277625983446175 -0.030320684320554625
-0.5357791622306691 -0.756674578562602
0.42613141652813535 0.9843479651268948
-0.8624875247051478 -0.8777881039994844
0.8233466257185074 1.731007241225062
-0.999937665577094 -0.841499634277971
0.31166957830018527 0.7041635882140134
0.5454111162854578 1.2653348542564016
0.4671356049553821 1.0832756363129135
-0.8286331122308677 -0.8785317435884644
0.18812057710938923 0.40866656348523356
-0.5196652625473337 -0.7436188589103027
0.9007784090982343 1.7738324840787496
0.6454051935075824 1.4748307923527015
0.4391250186273292 1.015871632111704
0.8286193810701517 1.7354554807100424
0.9714404220400323 1.766997385878252
0.3245875417890731 0.7357383502640558
-0.04153770628102649 -0.08132757142416235
-0.993627188852312 -0.844342832509853
-0.20986872664303569 -0.37339643886767476
-0.8287806745674398 -0.8785354367877761
0.15281572642243035 0.3274801913134847
0.3434235080843997 0.781881865135885
-0.5097135998285565 -0.7352398100581092
-0.6229410238448101 -0.8161579157916317
0.8708064147186199 1.7631489123640813
0.5702672445680184 1.3203612462984384
-0.06962975941465999 -0.1343096635014306
-0.558198413640083 -0.773779719858284
0.3416380047198524 0.7775039606633474
-0.46209569944312556 -0.6918366204398448
0.6080455735956218 1.4005147733343826
-0.11843482920265536 -0.22237657742981737
0.2098189442795264 0.45940840773947855
-0.19537147789795584 -0.3506857538922039
0.42155527233930257 0.973215033874794
0.9988655797720019 1.75156539650731
-0.7891528197150584 -0.8753806650026305
0.8994182763843266 1.7735166228632053
-0.3177890690086844 -0.527571934627432
-0.3579478990713496 -0.5781563670940263
0.0742091166359693 0.15377273221909366
-0.8466979828334795 -0.878533369772055
-0.471732444814432 -0.7010598641789283
-0.40040694296988044 -0.6275746499692435
0.9069549517783542 1.775060664754706
0.127905430772131 0.2713222962514707
0.00930183324017686 0.01868991852744494
0.4069190347281324 0.9375187308477275
0.6011152594904234 1.3861595693288498
0.24300318725122994 0.5381002511781987
-0.9302576210897173 -0.8666068036046386
0.5446499309909829 1.263624550680162
0.18941194454182697 0.411669291303716
0.5235419616566828 1.215659369833525
0.7931891779878908 1.701594668716377
-0.8137592190142382 -0.8778496671195923
0.4279353524485998 0.9887324775058435
0.16891054002942751 0.36426949092262473
0.6762930514649497 1.5318762534262418
-0.6744402961134124 -0.8422707902631295
-0.58937841818372 -0.7955004068192644
-0.2785251184728814 -0.47453710929822074
0.04225718470292228 0.08627322648306864
-0.10277699395199669 -0.19467939912812013
-0.9773665008964507 -0.8511469936314199
-0.018934609118437695 -0.03750849910362351
0.2951560298226783 0.6639196040755
0.7484216701314077 1.6462948468393344
-0.3818943945564435 -0.6065440934557873
0.8659339708857057 1.7606893450222056
-0.14339124477601972 -0.2654219374420219
-0.3015784469470155 -0.5061027156447147
-0.7902817843022434 -0.8755303461681279
0.7153901698648726 1.597452217680904
0.6682623213811272 1.517461981600178
0.45628750617417535 1.0572728800657685
0.17911256604176296 0.3877838067091409
-0.5495792989588502 -0.7673500486473586
-0.8177032699885087 -0.8780902274444266
0.1770037100899291 0.3829111280336968
-0.8364604576256665 -0.8786440749187516
0.7138144380298828 1.5949655085568826
0.6871027755414256 1.5507885855679442
-0.5467518477092599 -0.7652009309333891
0.2636854753472173 0.5877237564092079
0.3470214070721771 0.7907053699460238
0.5725296949172753 1.3252858238842453
-0.42669133686807625 -0.656054385809197
0.4692700834928851 1.0883749106767668
0.16965617678076406 0.3659830649309048
-0.8504758010918045 -0.8784185872757493
0.04120761608356083 0.08408847561002186
0.9066803220003372 1.7750132623816937
-0.7372400753830384 -0.8647550641344363
-0.24806917253020333 -0.4309837499135101
-0.28284801936457415 -0.4805484579556355
0.24997933420909701 0.5547929533428863
-0.5664751364717564 -0.7797811046155688
-0.18728652266025492 -0.3378167844092208
0.16274864669944145 0.35013950190943455
-0.6143092900408109 -0.8111170261249354
0.21565653014235786 0.47316027289764817
-0.8884514811803754 -0.8750394525036066
-0.6190462427323464 -0.813906793680351
-0.09440620365602337 -0.17965559558014899
-0.9301503951737224 -0.8666347815083125
0.44789188646668343 1.0370571495890575
0.41791848627610606 0.9643572709115515
-0.5491579306361849 -0.7670310191530638
-0.941570847214632 -0.8634710094977165
0.5513280733941381 1.2785806414974763
0.6315429912237882 1.4478903026578793
0.8612580648117676 1.7581435205544043
-0.7382235875100043 -0.8650239605989474
0.7910226195211059 1.6992293505824594
0.4155662298521541 0.9586236420788286
0.3316444083141472 0.7530141027695088
-0.4994096204157481 -0.7263109697968175
0.8277819408876461 1.7347631819858491
0.3728307866846081 0.8540298735361902
0.3424761495035127 0.779558943417874
0.8956909492854594 1.7725675453328757
0.2760955845543931 0.6176815081152752
-0.21633870799517108 -0.3833804099123281
-0.6543090904302311 -0.8328761200588868
0.08395834942998537 0.17474152732379966
-0.2493005911731203 -0.43278546238458304
0.6684132530791886 1.5177356776829916
0.024274159434105158 0.049132608260332875
-0.46995768209006994 -0.6993779312195509
-0.5265899374748435 -0.7493070339365548
0.24990985681706968 0.554626470857274
0.46934027881685614 1.0885425076482098
-0.8592528918503146 -0.8779976834510451
-0.12963237158819862 -0.24185819446903192
-0.6460272519539179 -0.8287072283472424
-0.5670804109375158 -0.7802133224661387
-0.06457450493194239 -0.12489754811536623
0.5959341824224795 1.3753205975998313
-0.9676347151017712 -0.8548589667562129
0.533240603092406 1.2378236145486796
-0.08627127552076952 -0.16491122826832888
-0.8092779209336141 -0.8775241737308359
0.28587067258734566 0.6413629035271817
-0.8691409708386337 -0.8772646268033019
0.8307288814467269 1.7371754894971754
-0.7923778563264188 -0.875798991003105
-0.5674974320158317 -0.7805105823038351
-0.9367954912023588 -0.8648390851872644
0.9660294208447031 1.7691794348768597
0.5396704804472192 1.2524017084759387
-0.8909177258589651 -0.8746794754571633
0.237260811386377 0.5243965960501586
0.15164476004406535 0.3248187252395511
-0.3339322236486699 -0.5483526740953412
0.6948312260896754 1.563953232038859
-0.22895626980775496 -0.4025809333661538
-0.6436711963555757 -0.8274890160975598
-0.049220499737634205 -0.09598139057989197
0.19415071991066646 0.4227070459387813
0.9307606681464304 1.776582247878899
-0.632670872675595 -0.8216129381794962
0.3274832291429408 0.7428251984878623
0.8279094948082697 1.7348689759320781
-0.3772202186771145 -0.6011077231825079
0.25286795012789054 0.5617187775713186
-0.009224266945514925 -0.018363188756011155
0.028612475226966305 0.058035471649123566
0.3586918805286661 0.8193372661596918
0.2472010922103618 0.5481393521291
-0.49595113540682 -0.7232564812157883
0.4626767406055017 1.0726048868323588
0.865676618861632 1.7605539362414775
0.5125826366778008 1.1903768208485657
0.014036532444253513 0.028269147612258134
0.1861254616319199 0.40403186720264866
0.9314599192156978 1.776548685953435
-0.381240836352561 -0.605787023008713
0.22089904376195202 0.4855447991516124
0.6347452857045321 1.4541830671142493
-0.7298130064755912 -0.8626409034542828
-0.1543899029893998 -0.2839603994334952
0.6262218624699338 1.4373445076076965
-0.04045062082226569 -0.07924421331861833
0.2847232033128131 0.6385794225005614
-0.2552907000785267 -0.441500838019319
-0.6887166658926032 -0.8482944361792244
-0.9918782311585874 -0.8451107883222705
0.37824276714448857 0.8673048823450251
-0.3773596643267272 -0.6012706437156532
0.2256966820160451 0.4969062166091707
0.20227814571609404 0.44170598643772757
-0.19703472157359792 -0.35331512141156396
-0.3411345951966336 -0.5574306656049596
-0.31048806185574795 -0.5179770236536324
-0.2441372334405012 -0.42520793838838966
0.31077486523826625 0.7019794367852906
-0.29966694829970697 -0.5035315093984817
-0.5927057754904688 -0.7976750643465874
-0.1807758804257651 -0.3273480690351398
0.3757943607437939 0.8612997226337079
-0.6267725686233787 -0.8183348536764864
-0.3726325283226781 -0.5957224936929212
-0.85490493542172 -0.8782331636165218
0.30861423301757673 0.6967065803371038
0.819890280837605 1.7279768283254073
0.9855690562262518 1.7599641321172468
0.9798263534705842 1.763056767268377
0.15131605893890154 0.3240720022239892
0.7374530942616184 1.6307898884002474
-0.6939685314124924 -0.8503761905690123
-0.8791811612645091 -0.8762389056477445
0.18386374425651808 0.39878436943031625
-0.11727318283572519 -0.22033994598297266
-0.4450817725689087 -0.6750122749023377
0.744395671608719 1.6406888421959112
-0.1897921259397879 -0.3418205485121255
0.8466574168572105 1.7490434448682846
-0.7819083576647479 -0.8743372118329963
0.2090440826051425 0.4575861347771322
0.056815425837114075 0.11679221088433556
0.9098936501074819 1.775525713523832
0.29768081940705393 0.6700625540507769
-0.9697679042740173 -0.8540684037375077
-0.4890301832877362 -0.7170573273978859
0.6043828891011225 1.3929487423556153
-0.1272695932798258 -0.23777009763481793
0.42009918159538295 0.9696696130664825
0.7777221450005183 1.6839966283438272
-0.07724009505131746 -0.14837704795690515
0.6272533670141738 1.4393974330095396
0.36135440335961033 0.8258706458043925
-0.15829048054012662 -0.29047105962748465
-0.22120971845763715 -0.39083510336192473
-0.7579721574990832 -0.8698732981756118
-0.757522968684992 -0.8697746780398284
-0.8754051059832644 -0.8766579856573719
-0.7433534457685425 -0.8663844473731812
-0.5326277997021589 -0.7541712182704987
0.7086794981274989 1.5867672833177595
0.6595753948336576 1.5015332411441034
0.15494482921232167 0.33232471445727474
-0.9576924837939913 -0.8583724869360971
0.3402303943517502 0.7740530756614081
0.6022704980457969 1.3885639985297185
0.3843206889055375 0.882207299602971
0.08347789506285963 0.1737041627337822
-0.3187576029306409 -0.5288355891497845
0.23450365337710966 0.517829119304468
-0.08481690380240314 -0.16226031564203008
-0.9930479963090595 -0.8445981157223017
0.744926450915046 1.6414336168751131
-0.20399520944769933 -0.3642518088498362
0.23875312546702365 0.5279545873249958
0.008898666680683842 0.01787628158372765
0.46989564639219017 1.0898682659977543
-0.1389526525264979 -0.2578655049842761
-0.6617277585868124 -0.8364603321624062
-0.1636287377653558 -0.2993271189040224
-0.8823445911541441 -0.8758568663449686
-0.5148861590147604 -0.7396250152522001
0.50785348614374 1.1793940496368838
-0.305411543368717 -0.5112335434069508
-0.9872506963082404 -0.847100732424743
-0.01945591866952401 -0.03853091996980317
0.34973833258927645 0.7973697014351382
-0.2423445904324839 -0.4225630634989467
-0.5930451239529209 -0.7978952917913538
0.7666944374552462 1.6704605222182791
0.8732062986775866 1.7642872964222365
-0.7882856638622329 -0.8752633258057086
-0.4744485142462791 -0.7036192699466587
-0.16370392464337202 -0.29945140372649437
-0.6349644748323751 -0.8228636690913341
-0.35536277036250064 -0.5750122167381769
0.9151075901715704 1.7761601172546408
0.21799509254098903 0.47868074222317863
0.2018211616774308 0.4406354796258679
-0.40362759990014485 -0.6311515223426105
0.4948713152200914 1.1490356672989033
-0.15655633792362633 -0.28758064407667916
0.4144960898433425 0.9560140648282865
-0.05258443097079479 -0.10235890345312774
-0.41910020409680104 -0.6479960845845263
0.7694323734453195 1.6738963687424473
0.7034102383000935 1.5782061799873335
-0.10268952409212484 -0.19452318776580102
0.7868674117931431 1.694601271463935
-0.2830890921458282 -0.48088243770804756
-0.176901202286478 -0.3210731844393645
0.09922150295292353 0.2079090839293369
-0.9774914459129684 -0.8510975816693507
-0.1897400485671057 -0.3417374748674531
0.8840190514626824 1.768811522213846
-0.33417760583923695 -0.5486639247317389
-0.8822932330588533 -0.8758632941976771
0.15051723209252987 0.32225796341897994
0.09113676734442144 0.19028952059280446
0.8713548169918055 1.7634133115981911
0.4590902117323359 1.064004274594394
-0.156109060490649 -0.2868340620789685
-0.8555114166761926 -0.8782034973169592
-0.3927214495580069 -0.6189410085887312
0.06149445273234888 0.12668537640524974
-0.3289728109919814 -0.5420322859247627
0.14157831765212214 0.3020258226340794
-0.12196822298976406 -0.22855343505295858
0.14506196537058824 0.3098959073115143
0.36716115284483664 0.8401193427464835
-0.9198675820221163 -0.8691658735617345
0.7983203065942992 1.7070645144523993
-0.9220912843833058 -0.868643993681239
-0.32185865024199134 -0.5328670701472009
0.07981217569166565 0.16580298327667234
0.02933821914121948 0.05952837093298467
0.6386263435761621 1.4617544484078482
0.30929894787282985 0.698377321858575
-0.14794962005692636 -0.2731373818342241
0.5106663820018718 1.185931713045889
-0.11691763014103462 -0.21971599637152142
0.9541103005208793 1.7729960556182371
0.7518709039791673 1.651018071093369
0.41056874359041196 0.9464314273212687
0.23101813049716569 0.5095383373157489
0.274851041936798 0.6146715954848162
0.7519544473241986 1.6511315525163526
