1 1 0 1040
x1 f
-0.7667124145649877 -0.2840096062898415
-0.14125067303520478 -0.1237190464568109
-0.4876591878748284 -0.30926435758276416
-0.10008775921122415 -0.09097248325560046
0.5527682549731432 1.1205833348061458
0.40229568106213187 0.6554385323365307
-0.5231250767027573 -0.3177338474469805
0.7338040783716413 1.9573510756552377
0.07253749051723091 0.07820853301278827
-0.4245544268730217 -0.2883436117624446
-0.092595516755543 -0.08474198221476596
0.15173178657424868 0.17877760912738236
0.015649712614183908 0.015898518927682462
0.4826870470592335 0.8824163780763974
-0.28564359939562545 -0.22070034417678439
0.5994331578255343 1.30325259910772
-0.21262128058461505 -0.1749818678693968
-0.7447222469165391 -0.2955487285961474
0.9755165506794852 3.7610868773211523
0.8350077851389497 2.600585775890793
0.8517824424681586 2.7217109350066737
-0.836599880699967 -0.2323771270442716
0.9762494439933787 3.76806866011
0.3753525871999934 0.5889752839903535
0.1102184033499094 0.12385301982698269
-0.5788355958316604 -0.3254652536646131
0.7372911430058653 1.9771785677404707
0.7308573348457272 1.940717843613996
0.004919277412701817 0.0049435963315925795
-0.2830388464003424 -0.2191846091280879
0.991485965568973 3.9155814629073387
-0.5152899438458294 -0.31608507440494094
0.7622432803870651 2.123710959396651
-0.536329616369742 -0.32021287176840196
-0.8457156347724928 -0.2238050547536562
0.2180400710028827 0.2782076812324833
0.16935153603101272 0.20371101026258803
-0.36851807779268797 -0.2643161592542669
0.12025348513379264 0.13666247717505425
0.26328193172863723 0.35565421840365574
-0.19515022583733854 -0.16304827901121172
-0.8687072911099465 -0.200126757933889
-0.616723134849827 -0.32628060235626394
-0.01920986421286086 -0.018847797957484123
-0.10801288998350422 -0.09747015482275721
0.14241200942007848 0.16599279978468756
-0.5155514804960737 -0.3161422019847394
0.7566541392185979 2.090168837279098
0.3024539392140977 0.4299686175466377
-0.10624634979330061 -0.09602997680165604
0.12563285537849733 0.14364853275007197
-0.5326507786346093 -0.31956067667601773
-0.6434282723147768 -0.3244116462155212
-0.2656464123458835 -0.20884469139707282
-0.12520027401076828 -0.11124198426180464
0.8747446688972411 2.894756219639394
0.47927825290579773 0.871845376347998
0.5471245537950749 1.0998565775507787
-0.7578683984048544 -0.2889020103241777
-0.2764432796833052 -0.21530828145538627
-0.5075745363901163 -0.31433582262584114
0.1839428318093499 0.2251463014103281
0.10041561728886461 0.11161310675831257
-0.6147985044803659 -0.3263343567800418
0.6647866982046553 1.5958369463857283
0.9952996327549548 3.9532167433233556
0.6906745300272172 1.7247380771438894
0.07009512824839681 0.07537699632128865
0.10821774581553023 0.12133332246541335
0.4658660351716635 0.8311071707807953
0.5729443298607975 1.1970452678365624
0.8752888689273255 2.898961165370474
0.7555293241583159 2.0834692555112806
0.58558367230068 1.2468794335900022
-0.6753136682965684 -0.3192606568338609
-0.701460350236446 -0.31245504459219187
-0.16380203135739446 -0.14064600724014378
0.640707549424449 1.4827434221944522
-0.46317453650847784 -0.301985619873143
0.15140034340908426 0.17831823676965874
-0.39827762163865943 -0.27766746002545545
-0.302628260298357 -0.23037265764748002
0.85634254927481 2.755402402394923
0.9930980178174369 3.931454910063189
0.7117020388773856 1.8352752996507917
-0.8431886612890522 -0.2262267120276923
-0.12177845874865678 -0.10853451073327185
0.32244283211010005 0.4707460253957564
0.768958883826862 2.164573365152548
0.9006724649877835 3.1005817720999334
0.4054093041425886 0.6634108710933728
0.6536728909898772 1.5428431312660302
0.6036312018702024 1.320713264224899
0.5459718912777194 1.0956582453497823
-0.05526431883175342 -0.05236963133402406
-0.5564294047048781 -0.3232332469404121
-0.10977961910505751 -0.09890583031094398
0.8772739277784671 2.9143407107444865
-0.9971414295540106 -0.005684525201009705
-0.3097626613444544 -0.23432542238051018
0.2549900224673116 0.34081695163315273
-0.689793160495092 -0.31579267828289004
-0.20041657043095684 -0.16668648941113445
0.9853314314883017 3.8554502492494063
0.4600704191470286 0.813917902208043
-0.36879494149814596 -0.2644462843429616
-0.7940460561067644 -0.26664843758562795
0.7232249852147463 1.898151243786116
-0.6587929033136324 -0.32234324145821625
0.4217946730403348 0.7063994578868155
-0.2661212612530881 -0.2091320363224916
0.12165225619267028 0.13847091082478694
0.05924041811543179 0.06297006126379322
0.6623485749724343 1.5840928957386267
-0.7744138576063095 -0.27946578539785266
0.9993556388919542 3.9935605395943927
0.2313741209332847 0.3001603706469577
-0.006885397220695255 -0.006838312705920157
0.6431510227943695 1.493930061029188
0.27354502061938657 0.3744394806110236
0.601030912440228 1.3098773762696672
-0.2995006949742127 -0.22861923104481569
0.2684625731445405 0.36507779728244727
-0.2039830547638286 -0.1691302006396774
0.4228045774092761 0.7091068674923908
-0.9980263412956245 -0.003931759143000035
0.8607224888965499 2.788074748536028
-0.9256832249705205 -0.12774246538068057
0.1588562407743621 0.18873715236162694
-0.07333297757453083 -0.06832069667277874
0.14049873468479657 0.16340172275840426
-0.18789203373992214 -0.15797551688615546
-0.06224641146885079 -0.05859796400664523
0.6260026369349736 1.4167688013567414
0.8474387296194299 2.6899241582815505
0.12482969828453805 0.14260011769587813
-0.9768917953256713 -0.04411718630105432
0.8226254060410538 2.5139587951033477
0.5593194936135237 1.1450021462196989
0.9277527695731804 3.3278660329235743
-0.2582741887582012 -0.204347324412049
0.15521143481144284 0.18362151577110816
-0.7860563238156815 -0.2720825229954187
0.2316251032291874 0.30058036483245737
-0.9584764450612386 -0.07636209997322119
-0.1841661310921079 -0.15534498608991995
0.06841749114243334 0.0734406146253909
-0.5757861778917843 -0.3252347301022284
-0.19967317249908922 -0.16617507431000206
0.5940050271161046 1.2809343620166083
-0.05686011644406985 -0.05380042374030494
0.6743925411020348 1.6427630026764468
0.21471048877768406 0.2728346286039549
-0.5569804480320917 -0.3233027965328538
-0.5006626479881893 -0.31266522260352797
-0.24829389381743905 -0.1981506143784853
-0.9401280380349248 -0.1060363272972118
-0.6838276662491434 -0.31731034833940686
0.8008862389497291 2.367426506782935
0.667524610318748 1.6091050604662218
0.12417214904191387 0.14174318456658153
0.7389473360591294 1.9866507825798188
-0.1441312487319273 -0.12592003656903505
-0.4156354955713635 -0.28484130069499314
-0.7381193184329129 -0.2986124797772764
0.3039495690537115 0.43295044516645814
0.09762927122039788 0.10818214574621442
0.06177726454556565 0.06584402873275964
-0.5929367835464592 -0.32621963029934936
-0.6836890680786383 -0.3173441161386805
0.01216615194747317 0.012315989885258442
-0.23161915228857688 -0.18751944630736028
0.41503732067585 0.6884580794269732
-0.7801366698479606 -0.2759148837323231
0.9879950965505411 3.881383512747853
-0.1357210729992775 -0.1194615698388227
-0.045698246284475275 -0.04370098845557617
0.32069725406510985 0.4671040959521358
-0.4246931344977698 -0.28839707255703617
-0.5806026946160163 -0.32558801180409075
-0.4568600163411465 -0.2999307683775221
0.8768709352870374 2.911213212439626
0.23446869007533033 0.30535661871964515
-0.3332427665674331 -0.24686661423365347
-0.3042893961461779 -0.23129884920322977
-0.7985759907960825 -0.26343173721168034
0.41726956934820914 0.6943515401233559
0.48417328867710885 0.887053297056979
0.39773664854340196 0.6438762985073536
-0.9084715940484811 -0.1517771575506749
0.408898534870481 0.6724187439121478
-0.9733946990083648 -0.05043522983114801
0.9626821539758204 3.640489847273914
-0.39713141716249667 -0.27717748110883
-0.9418173478482763 -0.10340384394620783
-0.8266509436820388 -0.24122289811330555
0.6999335202218882 1.772751539696169
-0.12390747153923765 -0.11022105256972192
-0.8089058658221884 -0.2557214421419298
-0.3846952284122642 -0.27173485355232546
0.4233274158213991 0.7105111990678779
-0.5780838016407905 -0.32541061275458194
0.25199837743295483 0.33553691269848374
0.6933614571740203 1.7385658330270086
-0.08740106402289927 -0.08037141654243406
0.059166291778074864 0.06288631689605514
-0.6559460204494953 -0.3227834457878201
-0.8454710465962632 -0.22404098314247378
-0.18417203803252002 -0.15534917074260876
-0.021761268289855806 -0.02129779634949824
-0.45401050931459874 -0.29898039001159493
-0.21134674433597267 -0.1741244365939543
-0.4031983557652117 -0.27974830870480183
0.18626958517872327 0.22863265710443043
-0.9812518229882647 -0.03611002353342274
0.9764179264953887 3.7696751444960297
0.6282194585819283 1.4265683117744614
0.8430934928366784 2.6584226575260486
-0.49634055304137026 -0.31157179553464026
0.12365347682996086 0.1410681330445814
-0.014327228431364913 -0.014124857763934729
0.7733646782101458 2.19171669412152
0.17505514476601136 0.21200296484691422
0.2211544015249085 0.2832722876476857
0.16851643661287508 0.2025061547437143
-0.1327990875623437 -0.11719446687773744
-0.39584504986895674 -0.27662522354002056
0.14598445762489853 0.170861240101886
0.46781079179183616 0.8369306693469677
0.5675992552018292 1.1764238151038637
0.44380280711989295 0.7669691616474392
0.557189483692315 1.1370202053785226
0.8327302890420962 2.5844769587868575
-0.879636162377686 -0.18779927177810463
0.8570769947897428 2.7608596330971507
-0.4906185482893972 -0.3100674433670178
-0.04406004124841134 -0.04220051861311241
-0.6834632845553019 -0.3173989813625526
-0.03899361480391095 -0.03753009075123708
0.7631327715009413 2.129087984012135
-0.3328152689284505 -0.24664477537832066
-0.9652774300231144 -0.06474664939676678
0.11660429502307523 0.1319711406109157
-0.37620514576292075 -0.2678884364773516
-0.9236195081462903 -0.13072783692616652
-0.17088944639349912 -0.14582393562042828
-0.4548746262184231 -0.29927009945030236
0.4176420377237622 0.6953381040919883
-0.023645615975222745 -0.023099408832856112
0.06666256909341572 0.07142245710737874
0.37227766994248457 0.5816699147977763
0.4707385604848324 0.8457508183498619
0.17789478209856746 0.21617259668343852
-0.8194421466903621 -0.24730749351810988
0.5246084781429445 1.0199449364739706
-0.46373206771637654 -0.30216362933039953
0.9380373697194251 3.417592626889859
-0.9412354826553753 -0.1043128246007089
0.5988499810774486 1.300840876231336
0.17083684951534384 0.2058597688691131
-0.8499298810792628 -0.21968808392052996
0.06768897112996797 0.0726018979168076
-0.5927195728242047 -0.32621196432746996
-0.8944122685864997 -0.169987611364253
0.039622529500944026 0.041257144257708926
-0.8937214539415945 -0.17085028453588014
0.636318520593504 1.4628109808373426
0.877957784892611 2.9196540436428293
0.6548346802061125 1.548318482329149
-0.6669360732495011 -0.32093764321394946
0.0777907188901239 0.08434947666933942
-0.3899601841447182 -0.2740671087067406
-0.939763342521512 -0.10660202764097948
-0.29464552953724965 -0.22587246845433845
-0.8029216711953957 -0.26025214019251264
-0.06931489620834097 -0.06482028484460266
-0.9352610959929433 -0.11350972636298184
-0.3306247082059073 -0.24550422342881648
0.20922310299901592 0.26407219607216914
0.4365514929404466 0.746645134166088
0.5138625570260165 0.9833300211362647
0.4023142014813985 0.6554857706793644
0.856183272600243 2.754220046265879
-0.14564109749561593 -0.12706908900171582
-0.6517397914414291 -0.32338603129050136
0.22149893234738727 0.2838348985753017
-0.5595967137528988 -0.32362312137198845
0.8712060327303384 2.867532247080045
-0.7769733796232396 -0.2778962093452872
0.8862389441933849 2.9846114667706023
-0.057392431786407405 -0.054276735268159466
-0.5823658697530874 -0.32570252512667497
0.43704946499188035 0.7480291687518018
-0.22951010604178368 -0.18614999266754226
0.9960567375588001 3.9607225624413624
0.056545941121912024 0.059934410673418474
-0.24893839474582058 -0.1985545423362954
0.26510028261670904 0.35894822224743406
-0.8881660727115444 -0.17768018751914538
-0.2737327044766802 -0.21369934726859524
0.19013503799149234 0.23446692452852086
0.01082516637000741 0.010943632867841342
-0.9627963816053249 -0.0690233657582835
0.36176110250972626 0.5571035130993583
0.4565861519792749 0.8037021207219466
-0.8523624351970718 -0.21726672655130985
0.9621913304858687 3.6359400666074846
-0.270896999275382 -0.2120062559919954
0.12115819235387448 0.13783150036992642
-0.13834376788361724 -0.12148622963500508
-0.8712422452509201 -0.19733027749307197
0.330591959596543 0.4879582759099891
-0.030851597682369336 -0.029928235840459096
-0.08823877623965859 -0.08107910585513545
0.06532468884424492 0.069888974816703
0.45089744487584027 0.7872115849849691
0.09085580651544478 0.09992871992028782
0.3483134587328176 0.5266129943112343
-0.6839649112892914 -0.31727684380220833
-0.7558775425545659 -0.28995616224268467
0.17557582641965475 0.21276544652800447
-0.02571389402466595 -0.02506925462604657
0.16051792669650355 0.19108372415862912
0.12243441715459324 0.1394846240976565
-0.9253386340166052 -0.12824293958677568
0.8583335332713238 2.77021619470169
-0.709979961378054 -0.30970098922537076
0.7010242861338993 1.7784756489376292
0.9492976197176202 3.5180384085022602
-0.259825236627494 -0.2052991790263831
0.17091957910030398 0.20597966990433902
0.7506599369509082 2.0546612660350916
0.019885882217073103 0.020289350746537965
0.8490208795831797 2.7014677271045175
0.07599915243148847 0.08224734560306567
-0.00534029547330328 -0.005311928202823862
0.3453133084076052 0.5199486736850395
0.9220230706030854 3.2787010372957535
0.13835924038501313 0.160517634527365
-0.21984069010092755 -0.17979986398658204
0.4533679115643139 0.7943444362888761
0.8680073225137253 2.84309949635865
0.8425340072610328 2.654388009333095
-0.04144453846055485 -0.039795125573500484
-0.21833102309939378 -0.17879780601916795
-0.8354635778352082 -0.2334141072639253
0.4452925443946967 0.7711901467955662
-0.9699933035109118 -0.05649202917163043
0.8878958035216629 2.997745218350383
-0.08555667227789776 -0.07880941658851334
-0.9116300278874823 -0.14751226206075274
-0.9815360167176341 -0.03558305977493015
0.42405594028944904 0.7124710486806864
0.9669424051526909 3.6801726640648575
0.6953140508661186 1.748668491163242
0.7723376737341263 2.185365602925515
0.7671656154544004 2.1536016711808994
0.05015757565515311 0.05280587275765687
-0.05769984951174423 -0.05455159135174373
-0.325632351484737 -0.24288109051881027
0.13094151516532793 0.15062625128458934
0.9504234094892292 3.528209262906943
0.6394006042749316 1.4767864195800657
-0.4414588722048167 -0.2946265338131736
0.1589282446879734 0.1888386469735498
0.3425827647126749 0.5139263017009119
0.062250264534720934 0.06638160204989506
0.32394257366176205 0.47388765659874177
0.9151890055722154 3.2208206543252524
0.01373436715391163 0.013925626330076032
-0.12569589538891246 -0.11163274142923552
-0.43964235141320174 -0.29397415600282517
-0.7325083911339791 -0.30107500685335287
0.1346004508548766 0.15548456235017646
-0.7922417198990781 -0.26790218582129066
-0.6704555537092258 -0.3202619916045897
0.8203749843072496 2.498464208343292
0.7765051579388238 2.211228245911648
0.10194532051744387 0.11350568244892217
-0.3190169051505296 -0.23935454312809135
-0.506522973278154 -0.3140879147815516
-0.3038469368341101 -0.23105249558493376
0.7027000509349579 1.7872977751151409
0.09087373555962608 0.09995040509255582
0.08195385695887425 0.08926583985024661
0.27260250270530073 0.3726945901463238
0.9078388063849492 3.159483121610842
-0.8369829268705631 -0.23202599813845104
-0.12745459338886111 -0.1130164888397136
-0.5558029852274227 -0.32315330731945835
-0.15090023950876752 -0.13104697573543317
0.7120320383763403 1.8370529957446946
-0.29409812941737745 -0.2255608961052946
0.49796096785954536 0.9308897507363292
0.2660710317495967 0.36071276473988445
-0.5878047233776666 -0.3260051270008348
0.5986453515018204 1.2999954301347911
0.5264751205541192 1.0264040329182524
0.7639264668680188 2.1338949798479243
-0.3891029076771042 -0.2736901477180368
-0.6881295012651878 -0.31622860946328835
0.11574381458226402 0.130870492037947
-0.8788619715999666 -0.18869592206224095
-0.5252843357679011 -0.31816521338922027
0.9163696390085965 3.2307611101265756
0.5116811089025854 0.9760141973748566
0.5024180295264407 0.9453820258759705
-0.9698305848242503 -0.056779607477817295
-0.3775969598525384 -0.26852616436024435
-0.6534474890699364 -0.32314822522042447
-0.37720421167631546 -0.26834649073413513
-0.2578948880989669 -0.20411409539060837
-0.9380818780564357 -0.10919828523785835
-0.8578167670632171 -0.21171664871087637
0.6109026305498053 1.3513745034854852
0.4233367755798214 0.7105363558134986
0.006220571263578778 0.006259508975924201
-0.8716995136094001 -0.1968218171595031
-0.7286017461360732 -0.30271425696806975
-0.07352419671240273 -0.06848662410962919
-0.0367917658481991 -0.03548610207530326
0.954158448343184 3.562121709945233
0.25265117488156785 0.33668577940845923
0.6066919231232595 1.3335544682306668
-0.4687357213862393 -0.30373607923993257
-0.9697784303425063 -0.05687174003080164
0.9520966615201178 3.5433695532607548
0.29981408316594504 0.4247323408268716
0.02080822781567848 0.021250407229489964
0.4760133061599816 0.8618036189271703
0.5620041365848238 1.155121403113883
0.4885242264324867 0.9007259929144269
-0.9270691257348749 -0.1257215468156312
0.22974016189200497 0.29743229975117214
-0.6229822199268422 -0.326032114106822
-0.1193364921485327 -0.10659197671560794
-0.8054424610783164 -0.25836525906698693
0.2755534615283579 0.3781711870411439
0.2964101788596589 0.4180306760060748
0.43330250526705827 0.7376570323994311
0.015486961290902546 0.015730579272271367
0.7946718533739254 2.3268096358878743
0.23100049628686303 0.2995356168096832
-0.9910020218244602 -0.017674280877404303
0.4287867843968829 0.7252846204463299
0.7159728675797461 1.8583863229888362
0.4282351654043661 0.7237827700546008
0.8358744338530955 2.6067365487813596
-0.8449982772379026 -0.2244960805088665
0.40023322268169426 0.6501916246350711
-0.3412140732703479 -0.250958318798177
0.7220951195257681 1.8919125380051147
-0.4869575718714805 -0.309071477682038
0.9751113136898684 3.757230901601559
-0.6874781680705113 -0.31639659758975436
-0.288861431419998 -0.2225609821181742
0.5287291483663188 1.0342430052911218
0.5667208444292946 1.1730603038570657
-0.29611553327958906 -0.22670728418576652
0.3264605465207209 0.479188601503002
0.778654772020966 2.22466258382404
-0.4606885682653714 -0.3011851166161991
-0.663716163852083 -0.32151957735305325
0.7406337530788842 1.9963324589607978
-0.04062790610127709 -0.03904161628719815
-0.13261815522476095 -0.11705368909581707
-0.8639103000713295 -0.20531607835591925
0.05129926941609808 0.05407280978552717
-0.4148709036329601 -0.28453517180225274
-0.849009727608594 -0.2205954006440246
-0.05866813968935447 -0.05541627489017323
-0.5599127619818831 -0.3236607074579684
0.7737548593378456 2.1941334292645074
-0.959924546694966 -0.07391724798731625
-0.6135563016411163 -0.32636344754526236
0.8988725368427046 3.0859265597719077
0.8405739004789634 2.640291412819006
0.11187443725284418 0.12594718257683024
-0.6898744001926296 -0.31577113820972663
0.9571475937780827 3.5894491415529535
-0.29003886906353826 -0.22323852880228856
-0.29549838377918536 -0.2263571402067907
-0.4685664126774367 -0.3036836150718303
0.5084413717284322 0.9652212947358736
-0.9526024851260801 -0.08612332423429103
0.02438278462650434 0.024992154324553387
0.20818087102066785 0.26242084687339595
-0.29615761572177157 -0.22673114225654822
0.4095025466766318 0.673986040416911
-0.03702328302791469 -0.03570142934245539
-0.0793456479916752 -0.07350981882049773
-0.0929600551189429 -0.08504712750250482
-0.8052288986777447 -0.2585263335207899
0.6541746006796914 1.5452057876725083
-0.37273821583166966 -0.26628777210790333
0.6680651895442387 1.6117347906937103
-0.9124090943201473 -0.14645031829021038
0.1380863151679559 0.16015073420542764
-0.022371503412176752 -0.02188196534605965
-0.1509451943353468 -0.13108081489207796
0.726552106440457 1.9166160602606162
-0.8668561254742517 -0.20214516765397106
0.07145877246235122 0.07695609744050838
-0.05253456287856473 -0.049912054747461715
-0.09858829174069061 -0.08973241266642643
0.36710105623835876 0.5694970656293539
0.14099300316819252 0.16407000953142298
0.9524644252918921 3.5467086032203943
-0.7764957622401214 -0.2781913706327439
-0.9089777249692297 -0.15109806326767639
-0.6146098155226789 -0.32633905817992814
0.01695483996773106 0.017247263153278364
0.6423622596277008 1.4903119207551847
0.5845365449434792 1.2426929550663703
-0.11981627441600007 -0.10697431699924431
-0.4118289514372384 -0.28330812042746384
-0.645165641181487 -0.3242151881583751
0.529885357248868 1.0382808219975599
0.8563562579767983 2.755504184891141
-0.4525796251242269 -0.2984977915276052
-0.5679105130581681 -0.3245313291629336
-0.6961142651560794 -0.31404581526080205
-0.788765658446372 -0.2702737506327939
0.2148007356415198 0.2729796994664475
-0.6442748446429054 -0.32431709234146544
-0.49569490472178224 -0.31140527178155775
-0.1310678963722378 -0.11584558028901436
0.4898153167008765 0.9048115318293339
-0.8458651450858339 -0.22366067566765258
0.6786528582111568 1.6639139551705437
0.9044489787153032 3.1315112176881614
-0.5238285192049008 -0.31787547928543486
0.9367561130347302 3.406310209953597
0.2963397211367509 0.4178925509468729
0.9014548595510523 3.1069694183081396
-0.17990965929478486 -0.15231774295903183
0.7278725138829161 1.9239829419343637
0.17753178777864864 0.21563804295956696
0.8083811980242046 2.417158756272965
0.9751862661275266 3.7579438625416404
-0.5149332767429184 -0.31600693653937645
0.5766018704041764 1.2113103606971642
-0.4924033041268736 -0.31054355131681977
0.18811388024456588 0.23140969432595093
-0.15985463239146291 -0.13773299326130994
0.7820428005129856 2.245967515401202
-0.11008680597593035 -0.0991549819678053
0.2784150386260915 0.3835198605803359
0.6542090922726933 1.5453683180818132
-0.4959265874556289 -0.31146512148770383
0.3350082665268015 0.4974326571733972
0.303000245407425 0.43105650850440314
0.6783991839149306 1.662648675551122
0.4896833451132623 0.9043933223093925
-0.9786269108792742 -0.04094802406726039
0.06762999806029213 0.07253406170689335
-0.36224112890892024 -0.2613369497879637
0.4316718135758191 0.7331731356760227
-0.36050509583595347 -0.2605032070600627
-0.46390917073803606 -0.30222005813242797
-0.7275037576684797 -0.3031639629328948
-0.21899220805069186 -0.17923702860583018
-0.7876135402737545 -0.27104714449027567
0.7366415682173815 1.9734731760054574
0.5414654285347722 1.0793570107708719
0.8544347322293451 2.7412666861020707
0.42440935901039656 0.7134230836756164
-0.6369633504070367 -0.3250606897675944
-0.821352702449252 -0.24572111814299213
0.6350170447990358 1.4569400446712515
0.6667214933019314 1.6052042993511557
-0.5663373323086258 -0.3243723989443045
0.033790773189696255 0.03497247614443749
0.6496585388785627 1.5240386317914614
0.8028436670114252 2.3803358474166556
-0.058326179589204274 -0.055111085497543996
0.5944340104589705 1.2826876160086762
0.9745614147657464 3.7520034733187835
0.1111725885252075 0.1250587066733764
-0.9462481450002036 -0.09640422406418037
-0.48970341726616295 -0.30982091510013454
-0.06502587520269243 -0.06105458478969819
-0.9068530545951221 -0.1539377254078138
-0.5549824963183285 -0.3230471939916917
0.7437795896010684 2.014491722119671
0.5676070849796646 1.1764538281526333
0.6325322703785479 1.4457813213290924
0.23141255442415942 0.30022466884586874
0.48384476710363566 0.8860268782653286
-0.20472971483284175 -0.16963974753596878
-0.721886150878531 -0.3053899159846027
0.5750212605627689 1.2051302331132911
-0.9679906720526912 -0.06001760778432064
0.7086614495559542 1.818958918473927
0.4022909381165205 0.6554264352887553
-0.8403706712580081 -0.22888605415307683
0.9755355415407705 3.7612676598167782
0.6787044095170307 1.6641711746165595
0.06730750873772529 0.0721632563510668
0.7267249023868543 1.9175788720730724
-0.17590471012360265 -0.1494477325090111
-0.5933576941794738 -0.3262341279361362
0.17851328136264022 0.2170844593823406
-0.42845793317591996 -0.2898361907311256
0.3832502214825635 0.6079969764327533
0.8434354496969756 2.660891031562859
-0.10209996916439401 -0.09263122856512426
0.5481542929269241 1.103617158435206
0.0017947697985072342 0.001797996788823004
-0.8896759780534775 -0.17584273192145827
-0.7694341976339023 -0.2824342413268025
0.5311521284063219 1.0427178747466912
0.9037440597284361 3.125719346108131
0.6551711742175601 1.5499071220512406
-0.15929298306575368 -0.13731681650771654
-0.7417519127927583 -0.2969493454727273
0.049769538209327724 0.052375960197471476
-0.630316345362101 -0.3255952584944056
0.14679220473649157 0.17196754160555838
-0.12813163091401747 -0.11354800329115976
0.35783241368235896 0.5480900317517498
0.9271158758184792 3.32237209495962
0.20847908831587003 0.2628929342086242
-0.39982079853537544 -0.27832399417644565
0.5561401218731179 1.133102995223578
0.8633706544485511 2.807978108743711
0.4038907262986613 0.6595148705479315
0.7939578280725001 2.3221784064222444
-0.7219796227345496 -0.3053538963329582
0.8866083354179783 2.9875356070229913
-0.5853069477393502 -0.32587570071948346
0.7225458954597075 1.8943996292847607
0.16096305517453846 0.1917138507530991
-0.637356810021936 -0.32502485331168424
0.416777886362488 0.6930506106884986
-0.6656998352109635 -0.32116514075010544
0.5498548592934789 1.1098482422340716
-0.8710486667090764 -0.19754515690862662
-0.49211138274947874 -0.3104661024435135
-0.44111630482754083 -0.29450393137420755
0.5555137676966744 1.1307695993790605
0.5190127969802154 1.0007582852595949
-0.08186725262942529 -0.07566878001345465
0.8634232811711964 2.8083747905029677
0.4033039356621839 0.6580133692604763
0.6855773889062533 1.6987417063748234
0.4167805019477291 0.6930575269744261
-0.7999170198416692 -0.26246039275539745
-0.2962994505272618 -0.2268115369414116
-0.7272084965076544 -0.30328407328625034
0.27088625471663064 0.3695276094395444
-0.021624543508699468 -0.0211668160455581
0.9942659670210938 3.9429875199838085
0.24869869714848902 0.3297575640573608
0.28550182253019774 0.39692882574715704
-0.5224057517206004 -0.3175879201140303
-0.23056173609100816 -0.1868335384743297
0.5671446818061125 1.1746823217158233
-0.6638653767826284 -0.3214933695742378
-0.2968368017069256 -0.22711588506225397
0.13050251086399567 0.15004604385195747
-0.07806913619976541 -0.07241301470004002
0.8828163392942381 2.957626228213946
-0.3966259412572666 -0.2769607699631781
0.6593869056446431 1.5699168424027279
0.9421623626421147 3.4541193495897673
-0.013986920851662754 -0.013793984940750995
0.9958455899152729 3.958628132174751
-0.9372462131563168 -0.11048129484017888
0.5505261111458366 1.112314892585198
0.38243755982082583 0.6060223309825741
0.3016461085087241 0.428362624053177
-0.02565781096211528 -0.025015945443071994
-0.6767211011802821 -0.3189555316628
-0.9414955984213049 -0.10390676827571688
-0.2744292569082034 -0.21411368654032292
-0.40790599659537286 -0.28170433851758714
0.08469821755413709 0.09253107590759578
-0.9172562009127654 -0.13975410323480153
0.40810668904154435 0.6703676230676672
-0.24484915269587715 -0.19598288771354816
0.1957255271861531 0.24299949680464855
-0.3095094641199736 -0.2341862635288407
0.7491384791313798 2.0457247295352827
0.9613679940801272 3.6283182087817383
-0.9404098154087255 -0.10559861171992757
-0.10029237799426216 -0.09114143926973202
-0.7561064148900947 -0.2898358481253689
-0.5133582853336762 -0.31565871200115453
0.6521987843230046 1.53591733401276
-0.2415761976112718 -0.19390951819248217
0.8264933926143607 2.540768952259702
-0.20695287017743613 -0.17115270043040873
0.4509298828031518 0.7873049582541763
-0.13974563324106115 -0.12256448595401101
-0.41836405217566286 -0.2859262273610988
0.6678178623358995 1.6105312177985829
-0.6938004488179363 -0.3147019725168797
-0.9552081645427082 -0.08182401026996056
0.9019634902792946 3.111127627968524
-0.3560080768787428 -0.25832394164284295
-0.5665941372053147 -0.3243987576369182
0.0759362094072038 0.08217363917726124
-0.804752883638518 -0.2588845446300292
-0.34172599042739304 -0.2512181685626953
0.8160986606071798 2.4692299616044897
-0.40177651557146343 -0.2791508406625647
0.14329965058376137 0.16719874624705863
0.7596803477271887 2.108277753226862
-0.9884733784110444 -0.022526367889067367
0.9919107685915369 3.9197594002238185
-0.0678834909039816 -0.06356690590465552
-0.006862821570354782 -0.006816044259562299
-0.4558452426414268 -0.29959395295252855
0.5030932903640146 0.9475915563496458
-0.8210953784363357 -0.24593587680982054
-0.694593260532657 -0.314479330552059
0.5598732347863009 1.1470839823304977
-0.4106426283539153 -0.2828256565180679
0.10888971118565172 0.12217837005835903
0.5538424390372176 1.1245606331091778
-0.5326788350460512 -0.3195657641452516
0.6952362800341654 1.7482652355503876
-0.35381942696060276 -0.25725317047721374
0.002789899129139739 0.0027977044421574828
-0.011740878433650792 -0.011604629664391889
0.5228477552303143 1.0138793376295834
0.18516052361319546 0.22696848560595034
0.7088450866230445 1.8199411225663826
0.9198834596900531 3.26049119223384
0.3340769749700483 0.49542608853283565
0.5591704369464692 1.1444422325541659
0.9030443649300786 3.1199788620293334
0.9248336661049927 3.3027449202399373
-0.25278018589074547 -0.20095153522597986
-0.5089150072966981 -0.31464855961122373
0.6395804925647415 1.4776052530048749
0.9776634940021796 3.7815686633523278
-0.23551870707988765 -0.19003683054465087
0.6267320361733828 1.419987442661876
-0.7535633980814194 -0.29115997746587263
-0.5886156785460048 -0.32604363990141266
0.5304757067335324 1.0403468989465696
-0.3766062435810016 -0.26807250580863756
0.8408726553791486 2.642436126135026
-0.7259509051869837 -0.30379176813359726
-0.27558304800590916 -0.2147986689276678
-0.47195720147177567 -0.30472433621205175
-0.7397730115782222 -0.297862116083538
-0.03918733932013274 -0.03770951148583087
-0.34626802293156467 -0.25350816952895405
-0.24645496112452991 -0.19699524598200127
0.06667085261159555 0.07143196535995945
-0.3552449661079293 -0.25795135059424823
0.36850297539476995 0.5727782052266837
-0.5560173519991278 -0.3231807682857701
-0.2444148807711628 -0.19570855353593858
-0.568560454952781 -0.32459521183079315
0.5748674449621614 1.2045300771729022
-0.470606458944379 -0.30431228345754363
0.943551170678651 3.4664872010977206
-0.01077126488535285 -0.010656480961185707
0.9897426678400336 3.898473422084063
0.10582841022246514 0.11833873625640631
0.4048374227076714 0.6619419449320352
-0.17556635631034911 -0.14920429745343244
0.3897038178076717 0.6238210511885891
-0.5560960026919706 -0.3231908163043381
-0.07499851860455475 -0.06976395268840338
-0.8585422691372391 -0.21096572204245934
0.718205863901825 1.870560158164889
0.20591872752659568 0.2588506972195275
0.430265972817532 0.7293220818956812
-0.9892723764765676 -0.02099860984327817
0.8462176017972072 2.681041534707806
-0.7807889958115304 -0.2755005600404373
-0.27986700608475257 -0.21732730928829164
0.3897708278450831 0.6239866971246912
0.8732316187569262 2.883090683997885
-0.6569196849767001 -0.32263584581586785
0.19503431845916008 0.24193841316532205
0.03361510321975403 0.03478433945989065
0.7201244952114838 1.8810699108164821
0.18110660400143197 0.22092224443973071
-0.7291641185413416 -0.30248205872749423
0.9907631696120578 3.908480953368768
-0.885533582315583 -0.18085032474397178
-0.9652360358704892 -0.06481837511318034
-0.808871672440947 -0.25574783606319673
0.48551247399270925 0.89124601587731
-0.12946460786655178 -0.11459255647333916
0.06577418494135401 0.07040369986185217
-0.0605387942787492 -0.057082288228171796
0.45221384391367936 0.7910069125637715
0.06681071485181289 0.07159253192687533
0.8561928301273192 2.754290983110864
0.9348661057322383 3.389721669269462
0.3435927954054685 0.5161492198993634
-0.9582596120739628 -0.07672686826818509
0.6788389030104274 1.6648423860063444
-0.5841809663087036 -0.32581204597279506
-0.6073989576024752 -0.3264433606306802
0.7222554941368597 1.892797088540249
-0.3209233894808199 -0.2403767367614562
-0.9087802018874576 -0.15136328398738774
0.17294720520404971 0.20892557126742706
-0.5283254026710875 -0.3187556522243349
-0.8360450937703727 -0.23288428725514776
0.5185794992235033 0.9992835236097772
0.6069894080187115 1.3348075751794573
-0.790611093825067 -0.2690218469430792
0.8351646922563083 2.6016985192242785
-0.6727533884582801 -0.3197983594393588
-0.670399920962423 -0.32027299537413545
-0.5169077578824361 -0.3164361520118012
-0.19415191276010524 -0.16235458672864786
-0.42333677110897083 -0.28787296905078097
0.3632864596404215 0.5606269294762163
-0.7253045249140622 -0.30405027120058353
0.22275641029376425 0.2858922807994604
0.2041654466638665 0.25609682935784117
-0.06874024345495533 -0.06431750751729333
-0.09366678564397257 -0.08563812762040844
0.5454522511522348 1.0937694131461213
-0.7450953817922248 -0.29537017701965884
-0.6589589144880816 -0.3223167597554288
0.3081546920988327 0.44139343597505354
0.07641685507162954 0.08273672994457118
0.7225139989643174 1.894223560817404
-0.7856048954474053 -0.27238054119625055
0.7403726260407559 1.9948309142083338
-0.6193650609872463 -0.32618952593974254
-0.9699654500524744 -0.05654126957200167
-0.8001833575571342 -0.2622664336520586
0.8606659645722616 2.787651146065231
0.6162259483592216 1.3741607998298542
-0.16338539181127887 -0.14033953205260088
0.5743815990014565 1.202635871617314
-0.722550603056054 -0.3051331228574859
-0.6893914644410748 -0.3158988385960461
0.08193107610641492 0.08923881653171452
0.31098372892061743 0.4471231127991172
-0.4468191367519123 -0.2965189875747187
0.833791992804257 2.5919765253697733
-0.714226357429693 -0.3082260202115568
-0.9083874854156715 -0.15188984893265678
-0.5273792382269515 -0.31857410083858123
0.211244759169265 0.267287099609597
0.27788941102423004 0.3825345760370305
-0.6792858816352245 -0.31838198042115307
-0.20380948031486024 -0.1690116455329918
0.09990076826592009 0.1109775614306119
-0.6658448984957108 -0.32113870903147546
0.06315786437634019 0.06741462306360252
-0.07122058450053381 -0.06648374116390031
-0.38970113985571175 -0.2739533169118636
0.6046519433138988 1.324985333101527
-0.9122072326264883 -0.1467258548001642
-0.5138162738571013 -0.3157605052216603
-0.6350444753771627 -0.3252287124761767
0.6110059275432256 1.3518139181192175
0.5404096716022948 1.07556382533805
-0.7067613642361168 -0.310773392000369
-0.2503560500203983 -0.19944120203047222
0.4578362005136385 0.8073570815051729
0.41923973309040585 0.6995803458955958
-0.5858251217189541 -0.32590388798428405
0.06950270149912274 0.0746924034809417
0.004509688236137066 0.0045301176525578924
-0.5962687814384029 -0.32632143912452727
0.4348064479793621 0.7418085602738174
0.7192589703698009 1.876323088766092
-0.5327043014494375 -0.3195703804629209
0.3172267253303058 0.45990989217906586
-0.9603927582315686 -0.07312348784269773
0.7331448236908709 1.9536201582927162
-0.26574204030096427 -0.20890258138187492
-0.3443219109674287 -0.2525304051504797
-0.27365401788884736 -0.21365250277479353
0.8828856837263566 2.9581710291085317
-0.38315476615690836 -0.2710447493046272
-0.8746677607634359 -0.19349127152757684
-0.601959759372231 -0.3264261223044927
-0.30359258918055043 -0.23091076539310157
-0.24313276255057126 -0.19489725002627367
0.783362447435233 2.254309379699079
-0.10768444056928317 -0.09720273820945523
-0.7636593285437294 -0.28573747720741416
-0.4329310566866065 -0.29151597923829375
-0.6507133851903328 -0.32352448932320843
0.9218329659019349 3.2770798081590735
-0.3269471107330102 -0.24357510149410078
-0.655241817842722 -0.3228882901663905
-0.03631923356816302 -0.035046315070324754
-0.3881039351026869 -0.2732495061157097
0.13946054715805745 0.1620004667120062
-0.6675173264979357 -0.3208289176592395
-0.18738659609838426 -0.15761972875705674
-0.03523887592318986 -0.03403931440745156
0.5469778825193254 1.0993217039633332
-0.6278107459948095 -0.3257623847770054
0.5990867189458673 1.3018194977705424
0.6231262041417547 1.4041300422503145
-0.2916908099016049 -0.22418615784584167
-0.46709075578351067 -0.3032241389777524
0.829275039062541 2.560189449150852
0.6972421512108236 1.7586892156071239
0.9787328653566632 3.791803673623503
-0.22690677790303293 -0.18445189121704236
-0.6292906805714376 -0.3256659293565358
0.9566571373828001 3.5849538200595044
-0.3411262334926841 -0.2509136956567547
0.20836075933538223 0.2627055755860093
-0.9002968509633806 -0.1625179711323097
0.023103405129139443 0.023649789208098074
-0.44034471627098104 -0.29422705988150377
-0.8453130949891265 -0.22419316735761896
0.735290624079326 1.96578440588749
0.5417372510842211 1.080335211733244
0.05729878453913528 0.06078083487250233
-0.19734717888616427 -0.16457035131601905
0.9811513102442331 3.81503247755368
0.3434823027613618 0.5159057710398662
-0.7978472711136797 -0.2639559010059045
0.9562033856553025 3.580798929167935
0.7546312227320293 2.0781321758206666
-0.5673156477803298 -0.3244719480688915
0.5379318088924654 1.066699468990765
0.08519936865288713 0.09312944963077918
0.3055991602895476 0.43625202167112437
0.9595030992935198 3.6111015978235224
-0.5769005847697821 -0.325321707424175
0.8447745494023118 2.6705747253225356
-0.6930122525780038 -0.3149210668510267
0.6099030399765346 1.3471279375329808
-0.6118903711314267 -0.3263955943903146
-0.7620381217605441 -0.2866382317790412
-0.14286249145361807 -0.12495202385600818
-0.3447797225500697 -0.252760881407725
0.7993073814131892 2.3570543529030203
0.3184002560180106 0.46233563590228643
-0.3314346069907459 -0.24592665430427502
0.06631952706313138 0.07102884342466091
0.7751606124901707 2.2028579602776786
0.0005250566344148222 0.0005253324637101268
-0.2285038902848635 -0.18549466619953442
-0.17780723407554277 -0.15081373632799291
0.15257794477841347 0.179951952787021
0.1895573825404302 0.23359166864291556
0.44180458719960813 0.7613319301872622
-0.41675332294694334 -0.28528719670949654
-0.7011518264680277 -0.31254970451850517
0.034261873803024256 0.03547734697562605
-0.625361028999375 -0.3259077990912718
0.24860206910441685 0.3295890181707714
0.5352644023543991 1.0572167285444933
0.9193745891907354 3.256172206501258
-0.8681813179573712 -0.200702282717812
0.1263421428174416 0.14457599194078297
0.1719951690318937 0.20754064118778703
0.5534521225062465 1.1231142378275858
-0.8196229653081009 -0.24715816143626956
0.26836816036867384 0.3649049912139054
-0.7855878384165023 -0.27239178293240585
-0.773679475738388 -0.2799106178914671
0.4073462545433655 0.6684016723873749
-0.5102131820855822 -0.31494791022498425
0.6653948928664946 1.5987769713131936
0.600261842459219 1.3066854152769545
0.4652551012483457 0.8292835354072263
-0.7749678221580933 -0.2791286125102996
-0.8739331011525653 -0.19432045451195368
0.1981185316741454 0.2466864626407817
0.760746609005394 2.114687674364946
0.09212668500461896 0.10146795501593564
-0.4050117754490674 -0.2805058270295565
0.10272031010958393 0.11446695503117782
-0.11476969513605839 -0.10293586438716212
-0.9507443747075022 -0.0891593977251961
0.9412444862672593 3.445964702393116
0.8570206206580524 2.7604404453729976
0.6654821399094695 1.5991990680929993
-0.07576631125016386 -0.07042776267977469
0.4387914122408574 0.7528841385320362
0.10328861868777905 0.11517291378822679
-0.7193510212925289 -0.3063537980210139
-0.15274180309402352 -0.13243092824428437
-0.9863506841807081 -0.026561010399258622
0.0055319750138400625 0.005562747991556793
-0.5249722978146694 -0.31810349678309663
0.9271764541536374 3.322894340289272
-0.1828496575143388 -0.15441122303597346
0.8695655549575778 2.854980940919111
-0.8784877824384569 -0.18912801088009112
-0.7513047468850997 -0.29231275458782
-0.1580301073058108 -0.1363794832745367
-0.0347775477509733 -0.03360866975968879
0.9915795484741481 3.9165015445892117
-0.9688995814858203 -0.058421201691958635
0.3239335127591634 0.4738686408945732
0.7341115176669584 1.9590928768657239
-0.2884869137380843 -0.22234510042619604
0.33987844635916176 0.5080019249935331
-0.705053184630261 -0.3113267215312435
-0.7608793334407586 -0.2872749791377592
0.6441594896322997 1.4985658144778027
-0.7471714148482189 -0.29436608587462904
-0.5849294678838259 -0.32585472739293286
-0.6639974559942476 -0.3214701097623519
-0.6380346072174252 -0.32496201146536036
-0.3260943191897767 -0.24312520551051187
-0.6647501066325183 -0.32133646256158477
0.7336668389474499 1.9565739365472306
0.505117642033035 0.9542375004303326
0.8960077770918189 3.062715487700305
0.3010249930109663 0.427130002035947
-0.8822725611324382 -0.18471880418352193
-0.48097121995797587 -0.30738746962322305
-0.11407461081684533 -0.10237671020751349
0.49921102017553554 0.9349383040541375
-0.3217010854113933 -0.2407923445010215
-0.5874571649543765 -0.3259880935838374
0.9199299552572555 3.260886046679209
-0.4089344881577466 -0.2821271216293424
0.16444827338497325 0.19667005778283503
-0.0025741162939683093 -0.0025675072316554077
-0.09600623512672546 -0.0875889896195837
-0.7222684581106817 -0.3052423761335828
-0.5589859064930829 -0.3235498018146922
0.9752135351563145 3.758203277248488
-0.4644848323705295 -0.30240308625926937
0.8714070912309582 2.8690735687067743
0.1984285767396261 0.24716568776398506
0.18499847496157718 0.22672569111924917
-0.40301104347641803 -0.2796697755212974
0.4663302378061758 0.8324946601144274
-0.4023855938780645 -0.2794071584217843
-0.5008232147232581 -0.3127051254399965
-0.4125910114411444 -0.2836168805468388
-0.9789028492245435 -0.04044191474065173
