1 1 0 1040
x1 f
0.822435323443901 3.1983893315570624
-0.08892465981240738 -0.08166278083722137
0.5933630061377213 1.395510944616734
-0.48044321451496974 -0.3205354151641624
0.9278272289979221 4.654081891979285
0.07366403364620999 0.07952192784421204
-0.9439194920557641 -0.1421231216069302
0.7290074031508564 2.2863378659553777
-0.4454772379151253 -0.3057783466201625
0.8263062801453727 3.2429907526483515
-0.7610937132639379 -0.34817004286458414
-0.47708022016112395 -0.3191803593339283
0.6320736491867165 1.6083851231364716
0.9481841706680596 5.001117999650383
-0.2092741714883164 -0.17304313348012942
0.6098600122073021 1.4827576069301585
-0.36387914774303765 -0.2661778742206875
0.25580914628320417 0.34364499726881004
-0.2029301247311328 -0.16868473798971065
0.2222309950598742 0.285694370220423
0.7033438044969189 2.083880155844425
-0.9563975233983573 -0.11473551581699615
-0.2959650644955041 -0.22822076801681682
0.870174099336253 3.7926987322467607
-0.1938747167441648 -0.16238255028475596
0.06589047422638794 0.07053826881779472
-0.010229234287302047 -0.010125656573883314
0.3411348516129009 0.5169452709857398
0.8111923315382448 3.0722095608013475
0.32226531713942363 0.4749710106927049
-0.8363559476079776 -0.2995665721359748
-0.6016504447758915 -0.3578267380409395
-0.28568012420734235 -0.22208076710736846
0.7925745619861297 2.873859190347514
-0.6721454504272057 -0.36490049111921885
-0.026853688733573744 -0.026151426457475785
-0.701333211763892 -0.36317086908949053
-0.5879753163688337 -0.3549680476322002
-0.03775486609772827 -0.03638129506474881
-0.9247599386932366 -0.1799671401548566
0.9925876114376011 5.846248671883641
-0.3439229242098558 -0.25548620872517747
-0.9142328929201418 -0.19872667350860318
0.2654940676706745 0.36133280512656024
-0.9810311726292689 -0.05375545133235027
0.21247663258601457 0.2697787646191626
-0.06880676982606282 -0.06437717692942553
-0.0715003980629112 -0.06672922253574895
-0.6577026142084292 -0.36464105068214403
0.7088141655975475 2.1255188880254536
0.5782934510921267 1.3200278224424091
0.2045195832716653 0.25708315584202346
0.5081750657991959 1.0154494212525353
0.8207307887809328 3.178939638432878
-0.9997394615046657 -0.0007810047930947306
-0.3381226097851695 -0.25230673332967335
0.14014978823707702 0.16299202380197994
-0.8106899286796374 -0.32062613864518097
-0.9073187170630166 -0.21030689271439929
-0.9300311758489759 -0.1700434178836998
-0.31312626101359875 -0.2382338428616178
0.8068313718899451 3.0245843376538373
-0.9635535440674785 -0.09799455484672814
-0.22951814101609735 -0.18664595609101392
0.24108262503371192 0.3176041296105594
0.9288493861835403 4.670940233071274
-0.21964854033665504 -0.18007144443684903
-0.16204521329016197 -0.13944576121644162
0.23635868252603554 0.3094613495615734
0.4745492021841051 0.8928135334977159
0.5683352820077887 1.2722431482176246
-0.36370886482141773 -0.2660882698768066
0.6773846787630908 1.8968225971535069
-0.7947543550404308 -0.33123065498266474
-0.4511128079688318 -0.30825373854739835
-0.38436484291381223 -0.2767517982680744
-0.5146570938580577 -0.33347046030212646
0.8972846353498225 4.176572395279337
-0.41113179620927887 -0.2899419518617833
0.9730840643609118 5.459450150379411
-0.08293425871724835 -0.07658288678532667
-0.9225321965004698 -0.18405339098035967
0.654915640708255 1.7480902728543664
0.9538719039881278 5.102441353517852
-0.6592782399164558 -0.36470246224088715
0.13817458279765082 0.16032669544634356
-0.0002046089397487183 -0.00020456708349465697
0.9176256360419925 4.489009390470617
-0.02124464605884402 -0.02080270005710924
0.22519689602009474 0.2906125732351134
0.8421042256095754 3.4313797158152415
0.19044922474706882 0.2352417450004664
0.6012369670459672 1.4365345555891142
-0.5195699446578241 -0.3351925978486727
0.4573017321361088 0.8349379633118318
-0.17844784894307475 -0.15142128438178493
-0.8903928134443875 -0.23630596986015384
-0.11205040282497669 -0.10075998423708743
0.030451299555076528 0.03140770496296157
-0.1943549650599754 -0.16271920440138515
0.5406180770031119 1.1474573841500386
-0.9514799148956639 -0.12579777107706513
-0.3041758606649003 -0.23304751270873944
-0.07886549917992469 -0.07310038208068206
0.12600344584314516 0.1441686937526323
-0.6140085284270995 -0.36003938632606625
0.5652250614455354 1.257648433323728
-0.8404088299153913 -0.2957558436971621
-0.9241597188490323 -0.1810743399015351
-0.637218323559579 -0.3631517041511197
-0.11961365143389768 -0.10683444325679804
-0.610303199410843 -0.35941446396276977
-0.21168014668623836 -0.17468397344443515
0.15943663074056413 0.18967518414946793
0.6651232317953983 1.814212172271917
-0.9366794038823718 -0.15700498514461814
-0.5593945226706813 -0.3477335963816066
0.9219705625112677 4.558612907012351
0.483030480765823 0.9224825863564379
0.49193583999535173 0.9545326124756935
-0.6995239488621126 -0.3633728720909193
0.9382537924640613 4.828829999826269
0.7620758842757274 2.575614192787171
0.6706666326601234 1.851121682166115
0.5855969461920261 1.3561235645031553
-0.02512936709220459 -0.024513361818085815
0.46126743001561277 0.8479615394422182
0.7335080598962802 2.323761990381448
-0.8998077379442238 -0.22224649519829198
0.8674984580313332 3.75672319925948
0.4445590659204528 0.7941931584174301
-0.25833685352906177 -0.2052392114431171
0.37933964534457787 0.6093660281883932
-0.708217451967325 -0.36227979944713073
-0.2444237510671825 -0.1963733261491354
-0.27234866005464586 -0.21396455781916046
0.6650921963581831 1.8140075374101627
0.7179831061194337 2.197128644724014
0.09605430847936436 0.10626106627595512
0.648768431787281 1.7093926277453833
0.26200735120849394 0.3549121945538853
-0.6453122271453928 -0.3638895151392356
0.50948182519554 1.0204950103437334
-0.6273198528371504 -0.361999016861975
0.33119448381794236 0.49454942423820214
0.6860038825630754 1.9570534326503992
0.4422210199165393 0.7868953828153443
-0.753121397071624 -0.35120204910830727
-0.8406865125313141 -0.29548965777579683
-0.15520066407881972 -0.1343476505228468
0.05145428762373738 0.05424544752824947
-0.9071041708909708 -0.21065708486307455
-0.0681685636189775 -0.06381816419264653
-0.728426076845452 -0.3584814376554043
0.2782231129527959 0.3852908975039556
-0.11773387350469755 -0.10533237181334731
0.7298695307071785 2.293460949966472
-0.4091190431311802 -0.2889753045995587
-0.9192329349690918 -0.18998944354359815
-0.3858057992602397 -0.2774800940244532
0.5274400580343159 1.0921036001566242
0.3568132210761288 0.5536134741680561
-0.37918914485211164 -0.27411901511609094
-0.8613248511681535 -0.2737983670918185
0.4099469848774513 0.6914653324188936
0.14414308712853452 0.16841809896626656
-0.12560896398330157 -0.11159156924350587
-0.4665228564315711 -0.3148353518897318
0.14342016315683148 0.16743204640663212
0.37437137598595793 0.596744928970552
0.4620663516558725 0.8506054142781638
-0.8861599214522258 -0.2423092623772255
-0.19322018406345176 -0.16192328288003338
-0.6282630661318849 -0.3621203523456056
-0.5922982640985825 -0.3559164675298805
-0.7046901665579255 -0.3627608183106263
-0.8415440336000994 -0.2946634798934402
-0.1368945702094988 -0.12041017068831808
0.6544322108195755 1.7450168394006949
-0.03076002926756405 -0.02984208580862948
-0.7455044540209168 -0.3537783166724488
0.11275878902394543 0.1270889537832077
0.45676933220957716 0.8332021344888634
-0.6405874422714024 -0.36348176354405526
0.8152603742242686 3.1172945525236093
-0.8599032079532405 -0.27541723851288613
0.7953836467236524 2.9029656702644013
0.4274964699034187 0.7421563802540213
-0.49780816148701 -0.3272997681784382
-0.982531420121308 -0.04972765917793509
-0.33777028380312313 -0.252112561101551
0.5960565059198779 1.4094191634136566
-0.8116400903877041 -0.31993657926199665
-0.16322553084949232 -0.14031882869047896
-0.8816493917460395 -0.24849563562842036
-0.3670587439156603 -0.26784584697967345
-0.7295680704125631 -0.3582113040455609
-0.8830683247145878 -0.2465726706702166
-0.6232414988924966 -0.3614472252302633
0.3386094120511407 0.5111942001616697
-0.2609601796572485 -0.20688818435046494
0.5706309383140484 1.2831152405167092
-0.9198686149025785 -0.18885638010122052
0.13390642500360883 0.154608759240947
0.9967136885553598 5.931364214403477
-0.3941312551786116 -0.28164772463484417
-0.27083992219639086 -0.2130347140863506
0.8376361046445657 3.377043477384806
0.09860238485570472 0.10938823509362203
-0.9814549732320863 -0.05262144158952242
0.25058289119681865 0.3342876082636872
0.9044545597341562 4.284225482035258
-0.4318632333204375 -0.29965258585803867
-0.2944556791577606 -0.22732624636157006
0.16571486813659386 0.19862686022033746
-0.43117567569152704 -0.29933784166626953
-0.774267540978359 -0.34236757108334753
-0.932854620556681 -0.16457818654472678
0.27358161819174365 0.37645923225517336
0.7666928474649979 2.6187404605136964
0.17120425701788466 0.20656470213603595
0.5165600457229087 1.0482088822368953
-0.7016272408432416 -0.36313679117489117
0.015081956782724726 0.015312905359395581
-0.5643023262740512 -0.3490890917798054
0.236690071212722 0.3100293161307918
0.5534859982234361 1.2039335853869946
-0.6840372648085105 -0.36457805772295865
-0.33755444306244264 -0.2519935489742423
0.08186082357804536 0.08915946628395167
-0.17260058303402448 -0.14719080141598184
-0.4230795517904067 -0.29559359263120166
0.7647010779934615 2.600049971215425
-0.7210661584718987 -0.36007661824938797
-0.698820435337274 -0.36344786516293603
-0.6851867522015309 -0.36451987474703984
0.4999384307867669 0.984144138903886
0.41606455246037366 0.7088218202429531
-0.4061535862563146 -0.28754355123130454
-0.7560623358095866 -0.35012427577914995
0.45843030971585996 0.8386273892557286
-0.08650376800850834 -0.07961659619672413
-0.03609105657796552 -0.034833865488045034
-0.9448889640733091 -0.14007511390867677
-0.4106423641062116 -0.28970727948898634
-0.5749123459927206 -0.35186282438160305
0.5973087836782303 1.4159295046842792
-0.47751931076412113 -0.3193580898351177
0.7190030181113523 2.205237613598601
-0.5239662186368039 -0.3367029219763918
-0.6146182398201374 -0.36013898105980513
-0.03705769052464358 -0.03573348982150007
-0.04879525674979601 -0.046525054129610846
0.08498467428391354 0.09287783480581036
-0.41854525303066725 -0.29346626580816315
0.7477847157178312 2.446467135806528
0.1979617348605942 0.24680844936989327
0.6831930571970242 1.9372112310879448
0.6087123729459314 1.4765260833017675
0.02062736038785884 0.021061809930119055
0.9713375270823492 5.426031759421122
0.16955388665430715 0.20416720041029193
0.7901699999564842 2.8491705149856505
-0.5623545380654977 -0.34855649322632337
-0.22722491192588934 -0.18512795424002157
-0.7483752658837117 -0.3528432699659846
0.02059255440187413 0.02102552363968191
0.9870369121806408 5.733580961985746
-0.3410499197133534 -0.25391540019566083
-0.38588768352777536 -0.2775214188704731
0.36380070744816817 0.5705087855161047
-0.46884266289259835 -0.3158017718621978
-0.8047613074097542 -0.324780630108337
-0.9694350627560262 -0.08364861050620886
-0.294318272382158 -0.227244701853863
0.46128445293198594 0.8480178025554894
-0.9658195093096553 -0.09253106844237347
-0.3229457831323401 -0.24383419778469537
0.2646521724172255 0.35977700359714604
0.29369695152176956 0.4155559837773155
0.5243872601141673 1.079625801095333
-0.9918157475972234 -0.02395699672002849
-0.44067882183099694 -0.3036425585626323
0.4227402678550951 0.7281427713788262
-0.2425687847749718 -0.19517581190383615
-0.001733631419954973 -0.001730631143428373
0.5575264152987414 1.22218020551209
0.3889178468704797 0.6342387332018751
-0.3137785676013709 -0.23860877221253146
-0.9195563655150141 -0.1894135795685742
0.5066387929590792 1.0095455337202095
0.7156089443961509 2.178364607215026
0.10518460753184367 0.11754878823750392
0.8497401066766603 3.526213869296849
-0.02631948218722968 -0.02564453139132714
0.571414729833333 1.286846778000102
0.8456578848720733 3.4752017806640145
0.5449407748740638 1.1661560742711812
-0.016706970874363902 -0.016432434666630306
-0.3499163729030679 -0.25873755017420963
-0.06627776978457112 -0.06215806616698597
0.1864242324923593 0.229132201765599
-0.33464131220759663 -0.2503828957592482
-0.7240330724709148 -0.35946362799263665
0.15515000506775367 0.18363951230629463
-0.02830693112305327 -0.027527706224420013
0.8317721303434167 3.307001892895282
0.8118309105569217 3.079244453057056
-0.9264873028640881 -0.17675489454569282
-0.242538328944649 -0.1951561198139552
-0.8008039128874627 -0.32741436612100727
-0.9628238577867021 -0.09973711619650527
0.7068565169413537 2.110525916111727
-0.009610116949794634 -0.009518641689943515
0.7399700740938868 2.3785403285084468
0.7854911386370393 2.8017222843064244
0.11677625236138622 0.13221559830570268
-0.5178580624178357 -0.33459659489103266
-0.14469830234489023 -0.12640621018471643
-0.6152719818490029 -0.36024474262169626
0.5685090255848193 1.273063012740058
-0.9804506222132665 -0.05530406486398698
-0.1373606992365315 -0.12077063738684592
0.3523026887427092 0.5428910506527496
0.6218581782361827 1.5494095273807318
-0.42260759948152105 -0.29537317834034227
0.3312628683623198 0.49470131041529236
0.7142653941346289 2.1678150448771447
-0.1103078807979232 -0.09934873379149972
0.35428117073682275 0.5475767609219885
0.4346418306552813 0.7636070305221441
0.1175641649226622 0.13322651896859172
0.5256354482731622 1.0847121605696635
0.9032432332914853 4.265851556392353
-0.3010198870694103 -0.2312001009312888
-0.7142112275710863 -0.3613416701565439
0.908040491958644 4.339067859362661
-0.7458353616059701 -0.35367272536052136
0.47952021547314083 0.910103522750152
-0.5697318651198944 -0.35053577248283724
-0.7557628297084045 -0.3502361924722318
0.7262359804954786 2.26358533018782
0.6852269098085766 1.9515490589469693
0.7343543846262519 2.3308657164230597
0.8063767806191522 3.019661464970546
0.11072744448787164 0.12451440194334086
-0.5113863463079407 -0.33230423182702795
0.4152214388785074 0.7064101374717299
-0.3404777602241842 -0.2536016252244942
0.21596526119246828 0.27542574102628975
-0.005362898198459476 -0.005334290939191499
-0.8454795660868897 -0.29079049122713796
-0.612670746070108 -0.35981764429150664
0.9393810435446803 4.8480964380141955
0.13360795470884046 0.15421101268520826
0.8637970466964973 3.707501225730393
-0.4411208726404863 -0.30384038707152816
-0.6974324805407999 -0.3635900250462447
0.3397041414963917 0.513682002683686
-0.5161973259785753 -0.3340142227641788
-0.27290918552525767 -0.21430942277378523
-0.022062521500380017 -0.021586273866541942
-0.1583794400291365 -0.1367228516276791
-0.8220122550886817 -0.3119698870928287
0.4011652000830228 0.6671173721736168
0.704400968657434 2.0918647718578334
0.9624190046632126 5.258414368204121
-0.5255721062462126 -0.3372472544201288
-0.06918315595027291 -0.06470654534672603
0.6509802738594974 1.7232210228124922
0.7695601407834203 2.645877093493682
-0.8834279811261143 -0.24608189532597569
0.7843991447558734 2.790759858138525
-0.09658077595961556 -0.08807440335597762
0.7304538557105911 2.2983010465901033
0.4676201099322004 0.8691739786496407
-0.986645050467744 -0.03849027363807833
0.08103935298412623 0.08818585463107359
0.049795275651122184 0.05240478563828721
-0.4426025573650254 -0.304501897070388
-0.7103880355800738 -0.3619578118087078
0.08055373704031177 0.087611117991859
-0.2629183347894768 -0.20811439844608237
-0.9952608583444071 -0.014016667958867024
-0.12042608124350318 -0.10748206949131094
0.6688788396444387 1.83913978012438
-0.9492979207148644 -0.13059331347948877
0.8438169001490377 3.4524320814131997
0.6214653120452849 1.54718293194162
-0.45641019574507524 -0.310547533067128
-0.05301795675058152 -0.050348576900516626
-0.4911339224138751 -0.32474686150939813
-0.7038282453050446 -0.36287050781600705
0.3714697500536388 0.5894604401603536
-0.8923662094323961 -0.23344064042694446
-0.027684398628521345 -0.026938619145141663
-0.20563346485767342 -0.17054761956660433
-0.27567183355725344 -0.2160044903904657
0.8012523482555942 2.9647055116297816
0.39112296771684907 0.6400680874031315
-0.9714571588758096 -0.07859137033094488
-0.41933646622783916 -0.2938390278890402
-0.35104624079370117 -0.25934661081939303
0.9461111378582312 4.964670886394181
-0.27490811989463215 -0.21553667534837584
0.12394692005431773 0.1414828318899341
-0.692772728225747 -0.3640117603648778
-0.638245642340435 -0.36325576782584507
0.6039300217645764 1.4508229387391474
-0.1129521761743637 -0.10148858506944841
-0.08506869351973312 -0.07839933249229152
-0.5448209192448303 -0.343452224091838
-0.8512357022066102 -0.2848810874959451
-0.7103461250165157 -0.3619642182951887
-0.04776755492800966 -0.045589839211844216
0.0426156411225902 0.0445125726905538
0.1526691421450701 0.18017425850790508
0.7799409005622275 2.746436555323937
0.7394039243913184 2.3736912504393772
-0.9372619373510012 -0.15583422146016435
-0.11388898963377159 -0.10224424710851619
-0.6228381757951849 -0.3613902846347707
-0.9210804154986698 -0.18668235649632992
0.6516882318233428 1.727669751959036
0.8873644062480495 4.031930510690867
-0.7338762205118932 -0.35713622532481415
0.14013356077185324 0.16297007672827463
-0.5192131819582215 -0.33506875074301357
-0.5811173073828411 -0.35338174836662334
-0.38167521253483794 -0.2753869181013407
0.8190980815687212 3.160417639011312
-0.033430699029946664 -0.03234924123568156
0.06288159844026198 0.06710101354124541
0.8100191755403658 3.0593263282153016
0.07307358597846303 0.07883427826362276
0.396526158705921 0.6545185157687955
0.9494032946195565 5.02267193000381
0.8582006343577275 3.6342665321052463
-0.03794612933190855 -0.036558861916126825
-0.1738120788843982 -0.14807079390131317
0.5269116721430158 1.0899347770494368
0.19615427298078503 0.2440058994057932
0.4456246550331555 0.797537242784216
-0.9937614110896837 -0.018368626667152443
0.17016055408135156 0.20504740323783519
-0.7582505923288614 -0.34929161476509435
0.6271806920893932 1.5798762071533428
0.9436379623211752 4.921522407627965
0.3720315693840368 0.5908659397680641
-0.38598352610880426 -0.27756977970087626
0.5956133448203078 1.4071219747043564
-0.8128378043018829 -0.31905789229917825
0.7558744387821543 2.5187761856523485
-0.6362454053905751 -0.3630504061639627
-0.3224080110461929 -0.24352990767265972
-0.31460853877684625 -0.2390852209569441
0.34961117433927646 0.5365602149231852
-0.5312851907281051 -0.3391512097315842
0.9863688652705243 5.720161519592524
0.7398647787605488 2.3776377429387026
-0.8978345684480695 -0.22527535108053243
0.5783278469457849 1.3201957076616517
0.3873109073198693 0.630015260583562
0.04327462487823941 0.04523202344092313
0.5624666917379801 1.2448335194540654
-0.4520570157634891 -0.3086649472489028
0.08488249045299345 0.09275580219883388
0.7812432788755836 2.7593131264913175
0.8646228520014918 3.7184283564426903
0.6882725634463183 1.9732116941768894
0.7395487293947536 2.374930589348079
0.5218055610581751 1.0691725061273796
0.8133739053872091 3.096307707451778
0.9739366620523373 5.475835258360059
-0.9943477954042534 -0.01667142329127813
-0.22154891220859207 -0.18134575769779104
-0.81458337937095 -0.3177582299994385
0.6656554286729848 1.8177247163441668
0.8593074978768427 3.6486385727856514
0.7816193410499312 2.7630421878986846
-0.7658716332900521 -0.34618229282300317
-0.4246552242170347 -0.2963277684486034
-0.38870445345954807 -0.27893893264416664
-0.3996876808763479 -0.28439073957742755
-0.5296089099216172 -0.33859788527474444
0.2386151313570064 0.31333836180998764
0.1817778739575977 0.22215399698286042
0.9124274280697493 4.407083240487442
-0.09365053861614703 -0.085631078786614
-0.9635455889426809 -0.09801359640673957
0.3610504763250979 0.5638171309670896
0.6371543457502287 1.6385055524673915
-0.24449220528669047 -0.19641744805870395
-0.17899936492048285 -0.151818128445285
-0.10050892866982086 -0.09132940445467277
0.7566276918823835 2.5256141409131496
0.7582829147765118 2.5407037483898045
-0.20670645603597793 -0.17128468220085646
-0.47729148270802413 -0.319265902113842
0.0038284126048042655 0.0038431256755825003
0.06949812175170211 0.07468884861537134
-0.7591232192475703 -0.34895217716063986
-0.9794111130011358 -0.05806304217028835
0.6070397298128907 1.4674880058801125
0.11516676565936135 0.13015616104343575
0.6207173954391028 1.5429524388469427
-0.9094557725551051 -0.20678888276722696
-0.7324868087121945 -0.3574926916826117
-0.8510660477243297 -0.28505948393904146
-0.9246616352717743 -0.18014879259478944
-0.662693463255055 -0.3648082358332324
-0.03928925833107333 -0.037803968309697615
0.8072341291331588 3.028952425825124
-0.01631509615176152 -0.016053186864221847
-0.634084258591616 -0.3628159138307369
-0.5015631689026239 -0.32870950460123277
-0.5774226840411731 -0.35248672729037195
-0.9112671957753191 -0.20376422221853852
-0.73928882522697 -0.3556575061295586
0.33149861653347457 0.49522515047476623
-0.750836129936979 -0.3520072781708045
-0.0029993526751037614 -0.0029903834604720065
0.4709617809986504 0.8805082795828646
0.230693232967498 0.29982637577849325
-0.9283220272698567 -0.1733007061719053
-0.05088840933706651 -0.048424179010036865
0.3716228353275586 0.5898431782818001
-0.190770489053933 -0.16019988338971755
0.4986943897603522 0.9794894911423179
-0.7014012822385007 -0.363163010926681
0.7319494535301923 2.3107347649630934
0.5488521562806621 1.1833123776140977
0.27223815844215693 0.37392360599778296
0.75953316042609 2.552159691586586
0.979805589002152 5.589906091518736
0.15925660370202332 0.18942046544285643
0.5879101362989103 1.3677457600460705
0.7841433720411144 2.78819823490476
0.4107164734506086 0.6936304236818357
-0.2729897196217874 -0.2143589453773595
0.9193961673772018 4.5172477760698815
-0.5295104981367476 -0.33856526237346785
0.9290386158937696 4.674067626104231
0.9900407874198203 5.794293675282214
0.9594263493298933 5.203289459087975
0.9654564183969883 5.31493573057198
0.7861314241184973 2.80816957929852
-0.22502659795138413 -0.18366734341617266
0.5434026559719447 1.159471356603944
0.22370447085743161 0.2881330962690495
0.4308574066746578 0.7521859337601368
0.5190777643512134 1.0582251446370499
-0.6400654169813187 -0.36343274365924044
0.569996004236492 1.280099706028239
0.6572800411332078 1.7631970433447128
0.14380795409687797 0.1679607779642228
-0.318786369890639 -0.24147337167128152
-0.7009961929687931 -0.3632094985334035
0.5862211439511156 1.359250644753499
0.8831307396628458 3.971689162107376
-0.4468674174190359 -0.3063923095715585
0.19958120491893006 0.24933021637054598
-0.4917200503335777 -0.3249734427035341
-0.08050603947843404 -0.07450769789253558
-0.6192424583700775 -0.36086406163530194
0.8943123001489102 4.132715435560605
-0.5495429975666404 -0.34488037858525145
0.3545512215738016 0.5482184507317399
0.6878129856754245 1.9699280493201272
0.6561844798086669 1.7561817086323774
0.8577492702033782 3.628421607664661
0.37729020665070845 0.6041368877478479
0.011393524028287416 0.011524832484091982
0.9829098173571891 5.651155841637859
-0.719790156921637 -0.3603279645478798
0.810866154759607 3.068622289863198
0.28173875502288337 0.39205491327629804
-0.9240683476917937 -0.18124248356902406
0.9451740371199502 4.948279077471219
-0.5935841418093524 -0.3561907163703521
-0.9489201691586258 -0.13141656075604802
-0.5600711934993297 -0.3479231407270299
-0.07065780435895719 -0.06599475133755624
0.9626653924955269 5.262977700545956
-0.3330837060368601 -0.24951835263699074
0.28649309674595 0.4013061112758225
-0.2862756711046459 -0.22243917160424717
-0.977619799174221 -0.06277573571950468
-0.23099371088078535 -0.18761965833568675
0.6118225161081317 1.4934711931907514
-0.22110610634928896 -0.18104919007166123
-0.4555452424649573 -0.3101752157535763
0.7857754070339866 2.8045829138350222
0.21334615842471627 0.2711815905980011
-0.1325612692532283 -0.1170449259931361
-0.19893412104044783 -0.16591553071695844
-0.39134894986084534 -0.28026259465875514
0.8528250729452562 3.565246416650626
0.738995208896672 2.370196585486758
0.9002965685737738 4.2214727258251195
-0.09990049789613309 -0.09082676004025776
-0.38273716646548883 -0.275926667875541
-0.672605643419736 -0.3648972720040399
0.7204656431851737 2.21691724659097
-0.0004901011843430059 -0.0004898611028363422
-0.43533773379026797 -0.3012352878184719
0.7383813029776585 2.3649568849211238
0.0802693276663462 0.08727479533972594
0.305502718459826 0.4395328144602852
-0.2733754573291467 -0.21459605461060088
-0.5151164405148414 -0.3336329935019178
0.709604260380494 2.131599200751757
0.19689251267030716 0.24514905500666107
-0.4435570380188536 -0.304926740023457
-0.7127668535584806 -0.36158185381383867
0.25764041354286427 0.3469545833295604
-0.6961802044058383 -0.3637117309902926
0.7271237629493126 2.270849660004596
-0.6829131870230727 -0.36463025514855585
-0.3085573448990553 -0.235596138243539
0.8834262432596927 3.975865453830856
-0.9610547003830359 -0.10392831746333031
-0.32886559223199363 -0.24716537167016536
0.9131872080905015 4.418967032481736
-0.3538847257494735 -0.2608712856696962
-0.28456928589055397 -0.22141130963086741
-0.2706902564041336 -0.21294234779396734
0.756263874498311 2.522309186303789
-0.4060791308687983 -0.2875074878712932
-0.13542312657594935 -0.11927033023376594
0.21653630363377108 0.2763548375844351
-0.9389209959294496 -0.15247454607994515
0.2500231153819168 0.333292993207612
-0.5970591781989429 -0.35691352400168785
0.5513031369845707 1.1941792449424589
0.41442202550781304 0.7041292896622863
0.7570784105567783 2.529714372965127
-0.2547393361580892 -0.20296624067345714
-0.6297968982324131 -0.3623125660587164
-0.4628402388095887 -0.3132879175403122
0.7073871384822499 2.1145795950645874
-0.536238704078146 -0.34076006112493296
0.4579505654779419 0.8370574258072824
0.12988384900494343 0.14927113499181385
0.6086312927765853 1.476086763257733
0.597380196640086 1.4163016133270925
-0.8122027051290646 -0.3195251434505362
-0.7845186058723133 -0.3371300254355665
0.7684143570830093 2.635000418331209
0.8595368437450461 3.6516234068009115
0.9970981228543909 5.93935445734011
-0.0668834210095508 -0.06269046243026685
-0.7317636457577597 -0.3576745397620006
-0.570194826587131 -0.35065650537458404
-0.41020467770988667 -0.28949720954683933
-0.34799455917426747 -0.2576987645805967
0.8426993409283865 3.4386807329850684
-0.4505329915810745 -0.3080007200673977
0.008452294211800826 0.008524344479299523
0.5399205797167315 1.1444656788697016
-0.9660634354442059 -0.09193821059099083
-0.7623308648490692 -0.3476678258313823
0.04717468300933203 0.049510315950014205
-0.2358716121120623 -0.1908215956690441
-0.5354165221899028 -0.34049576646619517
0.3035044261454545 0.43541870960667284
-0.852066394213471 -0.2840038467429884
0.18315864164687135 0.22421945801163903
-0.2529684193305708 -0.2018423792385014
-0.43497449184057513 -0.30107043769551955
0.6316697312593516 1.6060132894051067
-0.9905724505845295 -0.02749354633950518
0.07779227759547092 0.08435437967480686
-0.1701069546780105 -0.1453737476781031
0.4198381818175907 0.7196940332737924
0.4882755423296987 0.9412460781659794
-0.8439038708740385 -0.29235725885982433
-0.24796203350628554 -0.1986473871156214
-0.5614813007236641 -0.34831541669408395
-0.528616137254857 -0.33826808820717463
0.14134967157760991 0.16461712007343346
-0.5339076429627374 -0.34000787798121856
-0.380398579150911 -0.274736588328365
0.8881915329149297 4.043802703780607
0.5957850465390047 1.4080115991302764
-0.413881212373461 -0.29125565112407914
0.19047516945471266 0.23528132292954823
-0.46190053627752015 -0.31289046795623676
0.5709844730053275 1.2847971407896028
-0.5778450203278673 -0.35259044508071935
0.9896166324565157 5.785683844449261
-0.8341036121909187 -0.30162483317756394
0.4610762105485342 0.8473297442584529
-0.8486011869837704 -0.28762225837311406
-0.5115856447139719 -0.3323757395266595
-0.5627218699091048 -0.3486574789341004
-0.3879801059343111 -0.27857516130428095
-0.045447693501761366 -0.0434719913619503
0.9125553879416979 4.409082510408193
-0.04935734507922973 -0.04703578299334289
0.2678599119074787 0.3657236918586714
-0.24433922777740014 -0.19631884009284323
-0.37441779858422986 -0.2716686562263301
-0.05604741439441585 -0.053072818410524567
0.5075603904610768 1.0130836196311699
-0.2245952109103848 -0.1833800929847238
-0.29663365382177553 -0.2286162817234813
-0.651227031650689 -0.36430682850517754
0.3973828091829481 0.6568315645665261
-0.11040569680697443 -0.09942807134880108
0.9805850546695603 5.605225876639878
-0.8052013663801121 -0.32448093063080524
0.06481576689605317 0.06930801418147989
-0.5251001747908279 -0.3370877008037066
-0.10350927847027203 -0.09379998263899826
-0.2787909629055052 -0.21790899968326705
0.89043732196432 4.076208711159071
-0.5152154950195988 -0.33366800182475864
-0.5744318694080197 -0.3517419721027596
0.3478308723329131 0.5324000524345929
-0.13747974316587563 -0.12086264896494542
0.4044057381574573 0.6760252593332278
0.06088015157063342 0.06482681478053975
0.7754548336148426 2.7025301756941165
0.4232685432346832 0.7296889854124442
0.5402077357933917 1.1456964971574872
-0.7912002417293467 -0.33335718677686216
-0.7405145801196711 -0.3553024302945598
0.6258232873303875 1.5720527273804588
-0.8347123911334824 -0.30107266209643124
-0.90336361661595 -0.21667567539704713
0.711519171105671 2.1464058898049414
0.16755821285035877 0.20128074691043082
-0.2983865394702865 -0.22965113410780535
0.00899867404137078 0.009080385470383987
-0.14189228266086995 -0.12425964060513943
-0.2547338625253077 -0.20296277204888002
-0.5151933671001037 -0.3336601825214608
-0.0719935269145775 -0.06715853695263235
-0.22837277665723454 -0.18588850517030608
0.7066269310101392 2.108774334944752
0.3399359581116417 0.5142098269333482
0.1299899171349339 0.14941124539877515
-0.7165641120608675 -0.3609309207769177
-0.812690974937087 -0.3191661818073218
0.9969522975064549 5.936322355813184
0.23948251671370713 0.31483476060434734
0.5418424977611256 1.1527262109638683
-0.2918302173547358 -0.22576492504334358
0.32025348926495356 0.47062835486623655
-0.8324928820057 -0.30307104988935907
0.44578733991499386 0.7980487874032509
-0.07068182709097393 -0.06601570745755006
0.49242479180552956 0.9563195776257993
0.0891048898870932 0.09782119181485426
0.24658111739413346 0.32720933391107
-0.7598742033573604 -0.34865665924296213
-0.6569431643638712 -0.36460863687640643
0.5956315655615645 1.4072163554381945
-0.6606995511602656 -0.3647510531245234
-0.9574682191257693 -0.11227965929730277
-0.8734021813742254 -0.25926014272300424
0.44819444952858345 0.8056487467782275
-0.0413052771741631 -0.03966682765799531
-0.5442051889107955 -0.34326318497757785
0.4387337886343625 0.7761108103488789
-0.08074931354641413 -0.07471602354821638
0.28086817990735446 0.3903739020074653
0.9998838447294152 5.997561211484512
-0.17379254714565473 -0.14805662113271842
-0.008029099570174836 -0.007965146614910526
-0.7743590176380681 -0.3423236953194665
-0.5792268108668859 -0.35292725736005415
0.6009714889441842 1.435133197809341
-0.4818559698017031 -0.3211003928368199
-0.5339574509840126 -0.3400240418462171
-0.7503862982153222 -0.35216249027516366
0.6954251963062021 2.025004590231414
-0.8318099498517906 -0.30367780412285605
-0.1151700801299751 -0.1032755571674551
-0.2903701073955529 -0.22489366424170784
0.07981108884658483 0.08673335143675295
-0.9987381744032047 -0.003771173046071441
0.5204659399194038 1.0637838025448083
0.07076682641817955 0.07615614631720496
0.6039636399902029 1.4510021453799762
0.231229829694382 0.30073290474985004
-0.9378409477216041 -0.15466596454269477
0.2751445667325563 0.37942074444189033
0.1956536728560072 0.24323191511286993
0.9980683778863799 5.9595662743938265
0.7870833209561485 2.817781381010713
0.6245578520357165 1.564792444544906
-0.4566977365526943 -0.31067111205976905
0.47579594718353646 0.8971236815822717
0.04922162473336833 0.05176981861790369
-0.9451309849361311 -0.13956178258193186
-0.71534070618065 -0.3611475228215432
0.7505324418699519 2.4707974168574367
0.5840915686640904 1.348609482200834
0.7608538218714263 2.5643155666639474
0.0727389659391049 0.07844496047323865
-0.6666715934068486 -0.3648834627039368
0.5906089580389999 1.3814227090940938
0.25927496540482053 0.34992229230083294
0.23052180346812734 0.29953702631062507
-0.9001652127558188 -0.2216930220225798
0.3788950567167926 0.6082289171986393
0.7180649349114412 2.197778166243849
0.29628109622976617 0.4207371449792687
-0.23178265023493472 -0.18813928833213905
-0.5595423330759965 -0.34777507184876577
0.2580875164011083 0.3477650658641904
0.05764823033118671 0.06117485006211031
-0.29873209376080956 -0.2298547821069054
0.32186841447756653 0.4741122994381922
-0.8722138042928782 -0.26075427289939135
-0.36823252933823003 -0.268459121751081
0.6704339251916338 1.8495578158821002
0.17403963630814534 0.21070599436961102
-0.14934603771776844 -0.1299385700121971
0.24282740235884281 0.32063709092869336
-0.19758193490179754 -0.16497424846452385
0.1116810569935276 0.12572155662548157
-0.32946930231706006 -0.24750318934236767
0.7156226396612055 2.178472398931524
0.3744690604922012 0.5969912688975672
0.44723652253598356 0.8026172997100114
0.8466878904477486 3.4880047735967747
0.26037457747474835 0.35192603978485887
-0.627651186688245 -0.36204191083584136
0.851914825617289 3.5536860310388225
0.6078528177152933 1.4718749781924583
-0.6544743282336283 -0.3644907348730283
0.5789288705739135 1.323132480226439
0.739738755809322 2.3765579200956046
-0.19531813678706822 -0.16339356574961234
-0.9438579297394751 -0.14225272620405327
-0.16729018839100762 -0.14331185441587058
0.34821851764686085 0.5333040457026655
0.3527980162000586 0.5440615951022093
0.2768941146740793 0.38275075007637194
-0.5177745072456545 -0.3345673924894724
0.4939164814706205 0.9617890086533654
0.08384216628596142 0.091514948710292
0.045843790188128564 0.04804641974882154
0.3991394311322316 0.6615936662770805
-0.7449170854097424 -0.3539643483936855
-0.9493002018234378 -0.1305883359533473
0.2244531636645044 0.28937577109135415
-0.10294689276198432 -0.09333792124841443
-0.11059580400137947 -0.09958222534385058
-0.5314358363534728 -0.3392007181214489
-0.3411148287271206 -0.2539509767163264
-0.32585565598483934 -0.2454758583349108
-0.7439352467456024 -0.3542713449683982
0.5827041549898433 1.34171848747821
0.408826982491566 0.6883232120045022
-0.9725548064493004 -0.07581901533468105
0.7142379906457514 2.16760039001952
0.6534765562685529 1.7389564494368979
-0.42958189340545516 -0.2986062962940854
-0.7726020134802865 -0.34315760038523846
-0.3105339802522247 -0.23673977495293191
-0.15373494005694566 -0.13324803222172799
0.3764035148480267 0.6018844731324252
0.4676499886067538 0.8692747792007387
-0.1688884926655414 -0.14448304906606177
-0.2935546641608655 -0.22679119578764306
-0.8522103418291318 -0.2838511994069002
-0.3108492042302269 -0.2369218044523703
-0.8817419704727609 -0.24837081480896817
0.5715877706167904 1.2876719508524186
-0.6554665985800752 -0.36454041560774425
0.9282268534921514 4.660665871500165
-0.27650988352036254 -0.21651716102572133
0.4697943374236151 0.8765345918272518
-0.12237320032877275 -0.10903039143174899
0.5572478490936228 1.2209141482504342
0.5850239723994113 1.3532589942013509
-0.31527903937522517 -0.23946963632202803
0.7523076052563997 2.486641209801162
0.395423295085084 0.6515495813979575
0.6905955929489638 1.989890746653861
-0.7053954103971629 -0.3626687861312988
-0.890669575042023 -0.23590668836818995
-0.20467164316531816 -0.16988579330027667
-0.5528094875988581 -0.3458456088260149
-0.9685016669760125 -0.08596128227476219
0.4383672972105619 0.7749843113928534
-0.36174069215118543 -0.2650505643049398
-0.5663092003856058 -0.3496303711586288
0.9178668139972697 4.492845920641667
0.08323904318682684 0.09079685918160187
-0.6532760047822974 -0.36442665630489546
-0.9637137686810433 -0.09761083115971336
-0.23031173844492803 -0.1871699331469251
0.25350907757409025 0.33951087592436535
-0.05377252682432676 -0.051028589335534745
-0.27001297897853727 -0.21252408023440897
0.19027477024901263 0.2349756851579754
0.41838333623761925 0.7154873192957232
0.9227954200079325 4.571943719050652
0.9710730284993125 5.420987917508432
0.7523932591450233 2.4874081928526843
0.32644278021271633 0.4840683508255791
0.12943924791767847 0.14868421167159396
-0.7224356743781823 -0.3597986534346447
-0.11675537175022765 -0.10454847941152687
-0.25841171022432596 -0.20528636395565225
-0.41803124113316503 -0.29322375014973473
-0.4244995022726825 -0.29625532771021074
-0.19847748009003752 -0.16559789407372177
-0.19770268268339852 -0.1650583904879822
0.7429982495665781 2.4046410081002647
0.28440037695102705 0.3972191663770894
0.9304375998041754 4.697251230860173
-0.1264398089334915 -0.11224682516737827
0.30156454783806685 0.43144679585571516
0.03043858405512756 0.031394178368015384
0.9037277365955954 4.273191555440625
-0.7718386537054753 -0.3435141290093262
-0.3411530097177462 -0.2539719017595179
0.9730229305405043 5.458277092525802
-0.8429113610290775 -0.2933330741551823
-0.5335245065512666 -0.33988340772897524
-0.04996125508594673 -0.04758390280299909
-0.07112225564423502 -0.06639974668077736
-0.47652628295151533 -0.31895579835054233
-0.22707687019135125 -0.18502975931825666
0.15896157692557766 0.18900327002174444
-0.07834909273516066 -0.07265650348266314
0.45410648051561986 0.8245645720669945
-0.12567343017172594 -0.11164244592644157
-0.23873785508802392 -0.19269101318380705
-0.693555593338052 -0.3639468288181307
-0.6692057592536946 -0.3649039520431643
-0.9246242052897973 -0.1802179259275467
0.7919996825183955 2.8679377386518814
-0.1905015927863145 -0.1600102752688848
-0.5618695440051793 -0.3484227749573686
0.625700506338672 1.5713468885345452
-0.11663093914548339 -0.10444869607056947
-0.5096887558088343 -0.33169281693454167
-0.9011662007848209 -0.22013542586068469
0.03547881036175893 0.036783857806490024
0.7369739483803832 2.3529876295668952
0.6794636547768895 1.9111844515298697
0.966650681274221 5.337318029999466
0.9710246643066973 5.420066124378826
-0.5849265335511689 -0.3542750543770259
-0.15485864148547268 -0.13409130796094057
-0.4049011585992428 -0.28693617182231307
0.770174140585774 2.6517236722778113
-0.6995605533405975 -0.363368915848169
-0.9767427774080983 -0.06506393506246444
0.7221309500127284 2.230288613030222
0.6662424795726807 1.821606891113927
-0.6924948814024436 -0.3640342354560041
0.8219185987933297 3.192480999120745
-0.3108295197179811 -0.2369104402504459
0.10764727383407724 0.12063291025524137
-0.1008531934400887 -0.09161356656241894
-0.1354623931072454 -0.11930078611011598
0.1659780159420583 0.19900500096974807
0.9939395145979 5.874007575797279
0.869761114034364 3.7871241677411556
0.8604815986110002 3.663944001188022
-0.9680039834523078 -0.08718880690650543
-0.5252116910386646 -0.33712543397522243
0.6396312906306016 1.6533840657825938
0.4376688390045209 0.7728410499025606
-0.9330450714698528 -0.16420572847991832
0.04398351139914891 0.04600706327259943
-0.46128274806244574 -0.31262860328479586
-0.8600658068384677 -0.2752330465501662
0.11950504204672541 0.13572445005801376
0.538022087514836 1.136358183061596
-0.5868526760126709 -0.3547151667399215
-0.6084293086017556 -0.3590857107726435
-0.9299598950353991 -0.1701800303753752
-0.8327346718706063 -0.3028553154525233
0.3748300631160302 0.5979022690688058
-0.05800904471076884 -0.0548284939437653
-0.011930806670599647 -0.011790140780296368
-0.28176816335355626 -0.2197177020809274
0.2926193989969639 0.41340643669759547
-0.09853723719974061 -0.08969850421431606
0.5563378133628576 1.2167864560592563
0.03405276437042293 0.03525323440170281
-0.6629698237683759 -0.364815142386968
-0.4415013079474013 -0.30401046787828967
0.9217730250344225 4.555426000341933
0.0351510823751322 0.036431695850738514
-0.31213497153965397 -0.23766328265828573
-0.6816239808202633 -0.36468443767931513
0.6248205767527386 1.566297174435537
0.8455925009442387 3.474390601770417
0.8928697582892997 4.11159159569213
-0.6986125542384005 -0.36346964591347264
-0.3036401127475139 -0.2327345900722209
0.8853410607091876 4.003030472232945
-0.28771487433405674 -0.22330383381796073
0.3788451726623836 0.6081014252925614
0.429393353325193 0.7478039384753851
0.6340717247176253 1.6201670706818239
0.08352444056809083 0.09113654079394752
-0.6539223793130842 -0.36446177327821405
0.10734928591314796 0.12025882009112254
-0.09036031299288716 -0.08287193025080725
0.2726427995598224 0.37468635055004174
0.5055231093077146 1.0052767625755021
-0.20127596392692237 -0.1675406711538302
0.7866219026441377 2.813118196422791
0.8123186155412205 3.0846278201470647
-0.7509873793459563 -0.3519548482445323
-0.20687544378214162 -0.17140064299388036
0.21907913071633733 0.28050845802220725
-0.9063909748642183 -0.21181729048893672
0.934406538064851 4.7636276394908
0.3599067250389336 0.5610502681668745
0.16231976909757395 0.19376940529325315
-0.33804140774884295 -0.2522619922393559
0.5771264985930848 1.3143436527164885
-0.48315654423446763 -0.3216182590767473
-0.19446003382701327 -0.16279282122650807
-0.7301743404090926 -0.35806538259099696
0.6857539503059833 1.9552811808776835
-0.1058046303158584 -0.09568099009665618
-0.7380582435421899 -0.3560064186647779
0.41402278056573616 0.7029923033202219
0.2036842071544438 0.25576494199136146
-0.49992684316774794 -0.32809756250885047
0.8116609415715699 3.077370460984057
0.17409452389993252 0.21078644189165097
0.6462623547225204 1.6938530353371015
-0.34487272979013817 -0.25600376630037763
0.2748760837318893 0.37891112397956705
0.25152706950182857 0.335968564858359
-0.1322242433699421 -0.11678211055601861
