1 1 0 1040
x1 f
-0.7469488238188959 -0.6057633369745872
0.6009576907288083 1.1791437945491476
0.9675563377198304 2.8095142412934506
0.7948249365827 1.9286996311156432
-0.3467086718623116 -0.2681785444557044
0.8525632248079724 2.199124837524532
-0.4293282238117708 -0.3241404476510175
-0.2566714306952911 -0.20770077853808622
-0.47122987380327697 -0.35381245181964704
-0.42758726524280743 -0.3229325472927645
0.2557820255000227 0.3379408670179627
0.7153323189296035 1.5930684265908102
-0.9624638901918237 -0.9276928126027192
0.1524158424614379 0.17918714129304295
-0.8059388827488807 -0.6798889131544937
-0.9691551008297232 -0.940183671191286
0.08755087411257767 0.09588712073975506
-0.9895938480311735 -0.9794031451985716
0.6396615514618913 1.3105567862091616
-0.47298109456066806 -0.35508110717091756
-0.07182266619336786 -0.06703466770591876
0.793540337359016 1.9229439279397296
0.4269087314635409 0.6869643674302988
-0.9185331559625747 -0.8497993223268162
-0.6196370770294517 -0.4735966919687446
0.7759028924006972 1.8450413611911705
-0.11933233767308149 -0.10679144802668425
-0.18628475832344793 -0.15804720290650176
-0.795008283761792 -0.6654456943092227
0.021603319293523437 0.0220801050406841
0.717444889791105 1.601460437350808
0.7204131693966163 1.613299233884176
-0.5354094568950316 -0.4022284049165806
-0.7590584388291686 -0.6202352085452075
-0.3714985831629891 -0.28475835012552675
0.7342776943685878 1.6693373291643654
0.8911839017556615 2.393178698239859
0.2415392923548052 0.3139722214552937
0.1390104823672944 0.16102062321055888
-0.5382284615137005 -0.404457921427521
-0.9435673212370168 -0.8933242187645283
0.7102042719477097 1.5728143891941024
0.07907580769389799 0.08582325076622196
0.16767125690714946 0.20049875839758563
0.7738317529576146 1.8360298462718248
0.6871992066258008 1.4839667990639933
0.5020208459387419 0.8805675441300781
-0.7372050269658195 -0.5943835140084763
-0.7604655981810582 -0.6219409550554533
-0.3569925764874624 -0.27504533152157834
0.23327688497254528 0.3003894760701267
0.032637003986079716 0.03373694210430356
-0.31913549014978737 -0.24979116848673188
0.9198835145896562 2.5444614526979774
-0.4672542592901936 -0.35094172351636965
-0.9778197471680057 -0.9566125096900137
-0.3957355721909792 -0.30110374860868455
-0.05635061537237451 -0.05335415880448548
-0.9661590869535832 -0.9345698338348948
0.12787609323855653 0.14631945608897978
0.03491001406363026 0.03617126829674252
0.04627662237673302 0.04851725073509802
-0.863401842354961 -0.7615730052891676
-0.051560615197175697 -0.04903919190052154
-0.24402249000962928 -0.19900631564502688
0.5657347451117145 1.0668572344062375
-0.8687191608457869 -0.7696450586891584
-0.5202230576453337 -0.3903800499298189
-0.0716371682232062 -0.06687291798033791
-0.6196070324890519 -0.4735692748124984
0.0496164227161231 0.05220035730293263
-0.4822216546316913 -0.3618186565619161
-0.7914014910170797 -0.6607528405167358
0.024376299564885073 0.024984988039592846
-0.2046002270196141 -0.1713037959690813
0.015727695493580107 0.01597894630825437
0.6089704416114896 1.2056490830301358
0.015479645634579153 0.01572297428739895
0.07951920343156149 0.08634533122037569
-0.7434305364191947 -0.6016274257885329
0.8139349530443221 2.0156489156057384
0.3052830243791791 0.42693243269862924
-0.2838747000831494 -0.22616585354006258
-0.7627424827867704 -0.6247117309017389
-0.23770148092113863 -0.1946300945454643
0.047295322634338 0.04963796260365821
0.7209608734354831 1.6154897999943136
0.6778015240657422 1.4486085535744213
0.0010399019829934186 0.0010409845036736367
0.32189076570501207 0.4588567127303818
-0.01627169089915559 -0.016011231196268943
-0.04386576307552148 -0.04202596463342829
0.2942306965310848 0.40627445172143706
-0.42760253196924425 -0.3229431320560982
0.8468094705985654 2.1711312028070013
0.7875248106441355 1.8961393457815932
-0.15171652650936784 -0.13219081859883056
0.5745841418932345 1.0944282719948428
0.05429588938877661 0.057403999642759086
0.6455639631829693 1.3313574027078297
-0.5845479087537353 -0.4425894839510085
-0.14611517245513972 -0.12788503569316967
-0.6101612910067353 -0.4650255867258076
0.4781794318806043 0.8161733910702396
0.45193215603416537 0.7484786615521565
0.9908071791865352 2.9451803300707615
0.4840193529779393 0.8316875922325588
-0.6084150426937804 -0.46346248381930044
0.010837829753122419 0.010956561302688758
0.8019886278626744 1.9610020515822364
0.6777887907936135 1.4485610099665496
0.54445498199218 1.0022796679930404
0.05327905968626667 0.05626895892704224
0.5945322868246632 1.1581494458073878
-0.01620832751763035 -0.015949875724503626
0.06187558319490605 0.06594106709328823
0.880036214408972 2.336056089857533
-0.4098479711850116 -0.3107169719943246
0.31526864855158343 0.4459988824906886
0.8189791118392242 2.039017124649376
-0.35620500024111545 -0.27451900166743715
0.6071339542681935 1.1995422343199764
-0.5054553348964388 -0.379106543866215
-0.9997072757103349 -0.9994147227706065
-0.2130975640826831 -0.1773638745027217
0.003849110066462158 0.0038639827418269256
0.47098033150966834 0.7972768258925451
0.24729915646911227 0.3235800723127853
-0.2337124111471851 -0.1918566404140528
-0.6075405237955323 -0.4626815772897632
-0.3277233886540276 -0.2555191195864642
0.011016522396480877 0.011139223168836131
-0.13573748692355858 -0.11981373934011022
0.23324232669177603 0.3003331547347443
-0.08933371852452798 -0.08206613418484264
-0.42540596679538467 -0.32142154866594946
-0.49365116633845907 -0.3702582726914634
-0.9780412228177628 -0.9570362331696503
-0.33513569665062026 -0.26046084065911884
0.9629133991560628 2.7829310492822237
0.5927805564516349 1.1524657859037428
0.2507403898886258 0.32937536765299846
-0.19729620174848117 -0.16605032128272781
-0.5033801983123816 -0.3775409002258709
-0.0965613772469951 -0.0881376255677895
0.25131488384827594 0.33034689437647935
-0.4087549667964474 -0.30996937837363936
-0.5783857563777446 -0.43734310838864227
0.5491188983023967 1.0162271432619574
0.2812774363277577 0.3826482583723384
-0.04082888877045199 -0.039229952294604964
0.6121475431372221 1.2162589098675767
-0.41218185933440843 -0.31231515164663487
-0.20246957959546408 -0.16977567284091258
-0.20158220784836556 -0.16913819225902316
0.7201504525288995 1.6122491594765096
-0.6048468240567944 -0.4602841123928824
-0.07504127636539182 -0.06983265512892214
-0.37281224120197476 -0.2856400623724017
0.7370983384452661 1.6808881165512837
-0.4211455554572048 -0.3184778595217143
0.0684278923055055 0.07343067390201724
0.1272831401296728 0.14554625175923094
-0.7315698313449794 -0.5879075034220116
0.8648880022910423 2.259882517889621
0.39976532247635643 0.6234650563949564
0.661117714789971 1.3871534522699407
-0.477668584273216 -0.3584896477678551
0.7397975301553643 1.6919893893170384
-0.3999143710198896 -0.3039417737593615
-0.20196185758220508 -0.16941100545608306
0.0787874925926042 0.08548403249862586
-0.16724432138248413 -0.14395159290565096
-0.7145900341456086 -0.5688485983091929
0.08685253792798919 0.09505106152350763
0.29977318087825156 0.41657594597979786
-0.9894817068477386 -0.9791835189911436
0.8815257491264139 2.3436361651050386
-0.1772623409541516 -0.15141032963581277
0.8799587552473971 2.3356623508656105
-0.1586159839635568 -0.1374475779523342
-0.5581377865131414 -0.4204898468426978
0.1986422355012485 0.2459391450979202
-0.5811144196139337 -0.4396592855491811
-0.49670880362932857 -0.37253698305861954
0.11512008516480199 0.1298983635288526
0.30970210727288694 0.4353227025507635
-0.343362753021226 -0.26594654790308503
0.8331092336276213 2.1054171836404683
0.39044435907191954 0.6024131487575917
-0.7133595609066237 -0.5674934402104099
-0.7360970743650685 -0.5931042026698892
-0.5714542116356562 -0.4315083349869011
-0.5570478955699429 -0.4195988131024384
0.5162094696905073 0.9202371679060496
-0.4412250348666109 -0.33244298650027937
0.8728536798184283 2.299731354698615
0.06907819551949146 0.0741796197485132
-0.031375659904112396 -0.0304221150744045
0.29270962910867193 0.4034676030182854
0.33183974853871123 0.47849877015143244
-0.250101759286836 -0.20319495692201534
0.0849905035937426 0.09282780848325044
-0.08739372388374367 -0.08042354471856591
-0.49920179026223344 -0.3744016607574974
-0.28402838415294274 -0.22626943389157567
-0.45883909023788294 -0.3449066922678281
-0.853934583478958 -0.7474230576345369
-0.3901007020346474 -0.2972871065110062
-0.32871349637191205 -0.2561792693509566
-0.5663467879310657 -0.4272530907609229
0.00782260024121273 0.00788427200470616
-0.9584736658317077 -0.9203245949989072
-0.1146430484866614 -0.10300677678153602
-0.9219872631568611 -0.8556717160224117
0.4428177547869101 0.7257363735534054
0.4638504790817142 0.7788085473760924
0.24377590628464718 0.3176893945875541
-0.18248857132716467 -0.15526374141994112
0.3231056750203347 0.4612343049804769
-0.10700967797586425 -0.09678398223486989
0.33206960736739033 0.4789572215380549
0.2620474242810418 0.34871077279828333
0.6913624853220408 1.4998034544255958
0.03589510663330775 0.037229814675243264
0.016545675063955212 0.016823963960748443
0.44242378341876587 0.7247620898404243
0.012380370862192791 0.012535542028675246
-0.4528457060198219 -0.34064119436863594
-0.11365090532456712 -0.10220235217627008
0.564352445656856 1.0625888174572569
-0.7369206109834165 -0.5940548260675822
0.9117763408224189 2.5011050198218543
0.5118685159338769 0.9079922448133237
0.12598205791925832 0.14385305841308743
0.019540648245536252 0.01992994652060366
0.1919570950688525 0.2358777655342204
-0.056854925751354646 -0.053806225726365675
0.9851826360667584 2.911970780280691
-0.24234167824536335 -0.19784479216091835
-0.5524629054493204 -0.4158677539271864
0.23398968206698156 0.3015520625493012
-0.9985641027194199 -0.997132326080306
-0.09037434485386231 -0.0829449571147036
-0.5150598550320058 -0.386411706454376
-0.43168361295976765 -0.3257774327156936
0.23182815115652855 0.2980318825979441
0.6170651276614385 1.2327940004416826
-0.40932460705940343 -0.31035893321845903
0.18284997479295262 0.22239751484553485
-0.3854675493119619 -0.294157102817621
-0.9054172270868965 -0.8278801279213085
0.2785524036231364 0.3777571277356625
-0.9649796466536982 -0.9323691937623428
0.5406412447536257 0.9909598275921551
-0.5152515756365967 -0.3865585346846875
-0.5743743231107941 -0.43395791684085305
0.42307733498019595 0.6778002533561251
0.22925922139397859 0.2938688286564026
0.520282301557814 0.931813102241211
-0.16925992249339128 -0.1454601153402532
0.8300790500479895 2.091060667671022
0.03861701893592273 0.04016588164956717
-0.24941395968809954 -0.20272201122348504
-0.8896900480728525 -0.8023743841461465
-0.08260054299764907 -0.07634126438444358
0.16571034131895934 0.19772065079412954
-0.9985473532650726 -0.9970989238298684
-0.6091179488367042 -0.464091062607921
0.5190236487742583 0.9282266668044401
-0.7600350336511923 -0.6214184903832256
-0.4483460255417171 -0.33745576601712823
0.5535431458372844 1.0295643233742933
-0.306083405351423 -0.24107240593696072
0.3462317186746011 0.5076131347358556
-0.2626003553917726 -0.2117500526381147
-0.7316910436913675 -0.5880459992453491
-0.5154319463415562 -0.38669670728047745
-0.9049794452635667 -0.827158770532063
-0.5397731380600232 -0.4056837220275614
0.48938071754638246 0.8460776986245657
0.2561683706488933 0.3386009455628955
-0.8834243206547976 -0.7924441687950604
0.8086503967152903 1.9913548602921194
-0.962164821997616 -0.9271384843005903
0.8834711146903194 2.353560269055417
0.4087302010955567 0.644073199987037
0.6847419100467649 1.4746693485135662
0.5720958617847047 1.0866328939524208
-0.028039259570188158 -0.027275103960983725
-0.763755594012419 -0.6259488911315606
0.20122527034437332 0.24986481482279727
0.6605015970163415 1.384915941951778
0.3074427033427174 0.43102351581353854
-0.8901058847862298 -0.8030380426087976
-0.818125016253739 -0.6963908985165351
-0.5595409762411632 -0.42163937647994076
-0.15312948325384168 -0.13327152253044564
-0.21737655373685838 -0.18039558759954105
-0.9449812828447675 -0.8958501392483549
0.454315851772491 0.7544908511638915
-0.16147124897044973 -0.13960831882722574
-0.06312356705802014 -0.05939050354054491
-0.8176876945603402 -0.695791286849578
-0.5988710917936169 -0.4550075788866549
0.3228133838851035 0.4606617570219841
0.2717468220938104 0.365660664357859
-0.17119508337363865 -0.1469046706320508
-0.3902462458766216 -0.29738554640958625
-0.9706601494724012 -0.9430166960722737
-0.39058502783608273 -0.2976147127095597
0.649993796675314 1.347102869752702
0.10857037371970013 0.12163767587777509
0.2578318095546388 0.34144899917661753
-0.7847790903455274 -0.6522292194622439
0.8873180930065847 2.3732666606140964
0.21709341892277267 0.27445448715546866
0.8342965628981585 2.111060070147277
-0.26022198752823744 -0.21012756225395793
0.7409433029163914 1.6967159153247313
-0.31995096804973655 -0.25033528578650105
0.0015478332231182446 0.00155023271908461
-0.58725448302493 -0.44491183313797944
0.07032644735745541 0.07562007774557397
0.719519193335022 1.6097278116140845
0.7055213551150312 1.5544623172388314
-0.21151208935766674 -0.17623721873346518
-0.13483032534928463 -0.11910221840882025
-0.09621902549965422 -0.08785173007505749
-0.060145615181061984 -0.056745696619277225
0.3488119766025819 0.5129216533182276
-0.2180700994846556 -0.1808857606331941
-0.9893545883593102 -0.9789346199075919
0.3941225012932299 0.6106750988907297
0.4310306003205937 0.696898023982554
-0.6658801084744583 -0.517732578513477
-0.9254148973937455 -0.8615407575825362
-0.5639409949741991 -0.425261391264298
-0.9958040156311707 -0.9916431699562924
0.4922637858682579 0.8538745706556898
-0.34333656468905915 -0.26592908113279645
-0.8582401766919072 -0.753823264601056
0.8162670052567669 2.026430860825746
-0.598258612821637 -0.454469999945851
0.3042740036212628 0.42502717234865633
-0.5811857877954671 -0.4397200131718332
0.9187823654680145 2.5385436732235265
0.3966157976374769 0.6163091760711549
0.43924698481764923 0.716932295326214
0.28070491635038786 0.3816183804914865
0.12993524754745533 0.14901213478828157
-0.017086561414758616 -0.016799599265310293
-0.23257516370644016 -0.19106422820369012
-0.678007298192626 -0.5299892184856374
-0.336044438312175 -0.2610666825053532
-0.8662478567296574 -0.7658822079836258
0.313114932697768 0.44185398270576093
0.666773677380782 1.4077998143809345
0.7368377595646127 1.6798188827532448
-0.27182890650229674 -0.21802364942980743
0.9291319626139511 2.594524971539207
-0.06848407175129867 -0.06411519862681991
0.6958166848272038 1.5168647474628252
-0.6010133653623191 -0.4568925840869612
-0.38749237517582213 -0.2955241465539906
-0.06626846998138936 -0.06216797852385605
-0.7415679431277349 -0.5994502074273282
0.8961748137921637 2.4190483587459433
-0.8810057311827413 -0.788645818854301
-0.7921206378239827 -0.6616856708302126
-0.05563816288470913 -0.05271479150015359
-0.8018453190245305 -0.6744405946792881
0.3186739221655073 0.4525893055343405
-0.7280763505301175 -0.5839309367387866
0.21326276525425159 0.2684431776268697
-0.3074044560567921 -0.24195590891758295
0.7570634097256905 1.7641155288423476
-0.8171993916607552 -0.6951224316032028
0.5301103453320379 0.9600973309327292
0.537935434983569 0.982974782052601
-0.08374918598307901 -0.07732267043609546
-0.5731952168421091 -0.4329673288009637
-0.3890264567206627 -0.2965607528811809
-0.8784986689126884 -0.784728812412177
0.5882163963268969 1.1377369330432523
-0.8342339897565509 -0.7188697400290696
-0.5906210433927901 -0.44781606502899146
-0.25769240021766127 -0.2083991870769254
-0.014086357174690534 -0.013890726808117898
0.7627696633759087 1.7883800066467577
0.892968505857666 2.402407873051626
-0.5795830024480237 -0.43835801428270055
-0.6183116202990886 -0.4723886183825611
-0.5817224253860773 -0.4401768841422769
0.15566782109444843 0.1836725075049938
-0.7127727086144158 -0.5668483382776275
-0.38532786892163373 -0.2940628466621431
0.5174569679071692 0.9237738460023976
0.9266081703415923 2.5807991498279064
-0.09350048268946032 -0.0855755554607394
-0.8774428419678435 -0.7830853578965407
0.643508139540031 1.3240893397585396
-0.3885083147724866 -0.2962105482326659
0.9286925796673091 2.5921318905050756
-0.9757986174075173 -0.9527544737365669
0.984397823342485 2.9073568537153633
-0.280863222524929 -0.22413472926756461
0.4112240846794255 0.649869483249301
0.17625697382781746 0.21279918559836766
-0.1832372916482996 -0.15581374450380875
-0.8509483550660217 -0.7430181059471793
0.6766811009841371 1.4444288709254447
-0.23433720816754522 -0.19229165740935833
0.2808506930771766 0.38188049639660515
0.14934122117636073 0.17497474895760096
-0.4469663190505784 -0.3364818639356867
0.8663189381147021 2.26700716961409
-0.10210953508533871 -0.09274780841176057
-0.6769523779611368 -0.5289111138554614
-0.5572484314655328 -0.4197626400824198
0.41475676926171046 0.6581277243097108
0.6758633954443798 1.4413832635773212
0.5785744957659384 1.106999856935459
0.9959513236529882 2.9757734426735682
-0.45590752938768375 -0.3428169978242973
0.6620219162319831 1.390441276728886
-0.6359542976426502 -0.4887204296754326
0.372266926755211 0.5624393342211587
-0.47092531304875695 -0.35359207557633127
-0.7494065348520313 -0.6086707001788705
0.9910567071522518 2.9466594575545497
0.06153757273239613 0.06555748055410597
0.2700453742000042 0.36266280333210144
0.21919309387733765 0.2777699727108158
-0.7421945586709313 -0.6001817190188135
-0.0620632605271183 -0.05845047048486557
0.2062882065241698 0.257621589028181
0.6175845962564752 1.2345487236667814
0.20283294168489818 0.25231893499072877
-0.13570721763404037 -0.1197900137574251
0.5037204951456604 0.8852660183602952
-0.288516327419281 -0.22929123749103497
0.0634213372272534 0.0676987007323454
0.9538181913409929 2.731341691161143
0.12894323793390083 0.1477134530568584
-0.37792596017879143 -0.28907634970035245
-0.5028057365297256 -0.3771082605632311
0.12455688744000448 0.14200373329126986
-0.7450125086601866 -0.603483323807107
0.3931021598033544 0.6083772725896688
0.7498114165586933 1.733585422414893
-0.7909113971265809 -0.6601179372469972
-0.16316330180203487 -0.14088481508857958
-0.7857456581168727 -0.6534658331953496
0.9193675353703299 2.541687350054355
0.7169674353455164 1.5995613305804752
0.9540229450306055 2.7324960381006806
-0.8523514772647693 -0.7450843765286704
0.7805372308253968 1.8653088287512296
0.7437671408480735 1.7084009178967974
0.3779537813028657 0.5747931847893519
-0.35446431940775947 -0.2733560186866137
0.5533789659524151 1.0290675348198361
0.39715910062846804 0.6175404820651604
0.27098551573931484 0.3643179854346097
-0.800547508098066 -0.6727231305247354
-0.2885757307381376 -0.22933119717547762
0.48194293892088824 0.8261523380301027
0.6150251472624608 1.2259179891644711
-0.3043642391564412 -0.23992221870031927
0.5111785643306688 0.9060548495373343
0.5361575684253659 0.977749008867197
0.7582658540185787 1.7692108825754742
0.8744955508810817 2.308001905674404
-0.5238059376216917 -0.39315130591372943
-0.6159901109860162 -0.4702799329971007
-0.6560539926902416 -0.5080172780977692
0.3233624712619316 0.46173760223550464
0.5141788560531995 0.9144973045603813
-0.8202126783670645 -0.6992609666955892
-0.6922811644620299 -0.5448059245471613
-0.006810112605353247 -0.006764050808563506
0.10338248915497283 0.1151753739632113
-0.8352201091451912 -0.7202708715939474
-0.6500025585213844 -0.5021274753756582
0.35491694285242925 0.5255904596913946
0.4445211224878811 0.7299570927050385
-0.688455979622201 -0.5407929506358623
-0.2891181310347788 -0.22969601770878523
0.925580410124984 2.575223405997871
-0.3132672142868549 -0.24587376695615842
0.07716748632727422 0.08358182583728149
-0.12446057583529413 -0.11089808935027079
-0.7273458232751984 -0.5831030534040744
0.3056885842124497 0.4276993205414612
-0.17579453436672443 -0.15032352082458275
-0.8466586686164828 -0.736738863858302
-0.400294125582759 -0.30420002272369256
0.38511924248130414 0.5905557389854257
0.5145363820913673 0.9155063883926571
-0.33967232710751194 -0.26348550982749736
-0.3129018251885136 -0.2456297247673024
-0.2101261192946582 -0.1752508288903428
0.5763419732991155 1.0999555972075223
-0.7254676209372413 -0.5809803323823837
0.7383337488766493 1.6859633152273175
-0.6710878714294877 -0.5229593567544117
-0.2049343628329685 -0.17154312220666362
-0.08861863948200055 -0.08146132172427759
0.6086498777663181 1.2045817433397534
0.49363819630126793 0.8576059637158451
-0.5810687827989673 -0.43962045687328694
-0.3728931019313737 -0.28569434838501406
-0.5562413392158956 -0.41894044484881593
0.6775468330711283 1.4476577729259668
-0.6617675104391827 -0.5136432464345423
-0.5056834031812234 -0.3792788865017915
0.2592192272409477 0.34383196931360116
-0.9508800957548491 -0.9064672067103791
-0.5990980976528788 -0.45520697594317583
-0.8599080184552699 -0.7563181514277355
-0.21224866359835315 -0.17676086355089532
0.30698399516190733 0.4301530863634316
-0.14726827122722397 -0.1287742734936514
-0.8682437338791005 -0.7689196440293945
0.6245013794239553 1.2580601223820056
-0.6771494964630065 -0.5291123899906341
-0.08031450078609881 -0.07438214393435781
-0.776630653780036 -0.6419042772539121
-0.8503990850118746 -0.7422109041852001
0.125181703626569 0.1428138172939917
-0.11186354864459624 -0.10074989444526188
0.16702076979917546 0.19957590830640487
0.6336745198919742 1.2896657364636588
-0.1817908737325935 -0.15475076253419562
-0.24071023145287374 -0.1967159074687714
0.9224208137768095 2.55813209053093
0.3272939665523589 0.4694754755421941
0.22482197535600745 0.2867305048531586
0.19877006224832905 0.24613291315187244
-0.1404308758844941 -0.12347945853950171
-0.3260700223608404 -0.25441666876330893
0.6742707524137252 1.435462961191127
-0.5868812590153492 -0.4445909312722943
-0.9375988399678636 -0.8827425053075277
-0.3853062827053859 -0.2940482808533982
0.124202828185493 0.1415451660854622
0.6296754704540475 1.2758274502347442
-0.8926283518587332 -0.807076192979298
0.6009812521892557 1.179221204121968
0.6567302958648489 1.3712692611624326
0.7162523222014758 1.5967196075037342
-0.31670621700317114 -0.24816991828998566
-0.3759706563878744 -0.2877616534468581
-0.015408433081517847 -0.015174671538745271
0.10181537645320549 0.11323720328934916
0.2377451629380094 0.30770593881879893
0.9853151465457817 2.9127502922445148
-0.03888731742151408 -0.03743390027882761
-0.6136106571892535 -0.468128099691938
-0.7867549815137469 -0.6547598547383173
0.502328121427134 0.8814158969168331
-0.9569652865193936 -0.9175548464563359
0.7896098417717947 1.9054024114541734
-0.6475001563771678 -0.49971232243007346
-0.23000330927846147 -0.18926931218946613
0.04298831791129376 0.044915755605193355
-0.543149039794105 -0.4083730362556629
0.8411938084661768 2.144035478780809
0.045274658522272304 0.04741725698185899
-0.36302621480837827 -0.2790806928159315
-0.6915244307073531 -0.5440095508143363
-0.3345910330932502 -0.2600977277553109
-0.7089987650646081 -0.5627184828690394
0.7491051192620499 1.7306302888306926
-0.04863994778366476 -0.04638917781720354
0.3211430334579155 0.45739627703260777
-0.36360075388204405 -0.27946526811590966
0.015429613384368768 0.015671359727431746
-0.658336575769946 -0.5102572400076866
-0.6870048497592762 -0.5392787560230932
0.36244020564980506 0.541414305780282
-0.9620338727417177 -0.9268958737273763
-0.7232990820288585 -0.5785397975585918
0.24568824654991595 0.32088137052341065
0.5797684656247573 1.1107783681319459
-0.6989736189676437 -0.5519029300179553
-0.7464876569772643 -0.6052194700221804
0.2697245680059852 0.362098735042869
-0.7221614721508587 -0.5772639033167095
-0.27607890339604646 -0.22090195528638346
0.4505781531041415 0.7450755046152666
-0.9933028346031956 -0.98669507287367
-0.3302854569659439 -0.25722731336759863
-0.6577964023310885 -0.5097262378458272
0.2995939273928847 0.41624095745816336
-0.31785660664821225 -0.24893773434324623
0.0012837504739047212 0.0012854006048243676
0.924476073817732 2.569241118449993
0.8189362510785043 2.03881782252283
0.5004309664059077 0.8761856220263979
-0.9735596250989853 -0.9484989527555376
0.0888076180605819 0.09739481838891592
-0.15184699939817725 -0.13229070206524002
0.5446546843088249 1.0028745271898654
0.46200499548707974 0.7740679381469167
-0.8883901492005406 -0.8003035190014283
-0.9137188314844982 -0.8416842280641679
0.20312807122377663 0.25277035459511393
-0.13183744115600016 -0.1167478114496987
-0.23209911709977815 -0.19073229641623357
-0.021875195421300342 -0.021407139056416082
-0.9293129407992087 -0.8682660030501791
-0.8439618065771379 -0.7328202436594556
-0.6860588828764047 -0.5382940853767856
0.49394371960784267 0.8584367031165631
0.2663359970749113 0.3561633679672672
-0.5917945495760097 -0.44883251469202656
-0.09228972521619583 -0.08455839973035773
-0.7640229831890892 -0.6262758551452581
-0.44757363428999275 -0.3369103925132425
0.6953509212062936 1.515074967777729
-0.46093382004122474 -0.34640382674732745
0.9271421089760725 2.583698993470627
-0.6319178166560675 -0.48493519245401784
0.5816903288653792 1.1168768238297715
0.45792648934701274 0.763648818751299
-0.13290480296371876 -0.11758870510683461
0.49233192912309276 0.8540593524886542
0.9762242078009766 2.859592959807597
-0.32285037192718713 -0.25226946632320346
0.2483759657854654 0.325389053582081
-0.049980423806688545 -0.04760723427881911
0.09983183246694116 0.11079319069399672
-0.7390882469683604 -0.5965648269950556
0.34975113868254115 0.5148606061712497
-0.2827619939007442 -0.2254156987743084
-0.4675356127200352 -0.351144462359954
0.3091017941746321 0.4341785101720518
0.6018998211328221 1.1822415262696624
-0.2507858623086794 -0.20366512642765752
0.8588169412737636 2.229818118575082
0.001467138509317678 0.0014692941627321016
0.5978985704584132 1.1691196666408008
-0.7546643913661764 -0.6149412619119046
0.1275949116912769 0.14595267722682825
0.869962573117887 2.2852154701785294
0.6496074606981275 1.3457250705370398
-0.8925344642574553 -0.8069255088344808
0.36531372530536155 0.5475204641679472
-0.39565093229047754 -0.3010463345755506
-0.08841820909819864 -0.08129166347827585
-0.04426643968456334 -0.04239366287351271
-0.057749131294364986 -0.05460676029705416
0.7143304540226889 1.58909842192599
-0.526621112905429 -0.3953390424527563
0.6884273367219418 1.4886274154867938
0.5312415776494019 0.9633849218808337
-0.010777287074121844 -0.010662388938439484
0.6675263298728882 1.410561723528013
0.2386055399912188 0.3091225783581245
0.5240409263861181 0.9425713577570431
0.8619771939688903 2.245434968582638
0.28121741736046824 0.38254023652310737
0.854758424033593 2.209867117954059
-0.6070620856366202 -0.46225488601083203
-0.08314564692923554 -0.07680725069617454
0.09346776994561723 0.10302054934098857
-0.04215265274801783 -0.04045070539238316
-0.0820218516687401 -0.07584607642690742
0.523344413132157 0.9405722619839468
-0.24860073228058877 -0.2021625112156707
0.10972360279034832 0.12308386377030439
-0.31470880433873294 -0.24683644624845139
0.6603523394352573 1.384374234653903
0.3131931872440028 0.4420042709153042
-0.5511874945708892 -0.414834820133712
0.3522349852305775 0.5200060832042364
-0.8148702649182493 -0.6919416125663634
0.23339789747811301 0.3005867281242405
-0.46459900973678625 -0.34903150677141886
-0.9565956108001537 -0.9168773322954585
0.5909988676040681 1.146702413542482
-0.12922769266759504 -0.11468597229186246
-0.4890683559051401 -0.3668597110094829
-0.6043619157530027 -0.4598537899010285
-0.6736758278329429 -0.5255771523735042
0.3234481713609161 0.46190562444837835
-0.32481206632412163 -0.2535777958402843
-0.9573123081040902 -0.918191307108306
0.18371102422071184 0.22366096402071714
-0.6579300450502774 -0.5098575586056738
-0.029500749012670635 -0.028656129150896527
-0.12789767330880486 -0.11363198492917069
-8.896952154802129e-05 -8.896160667650179e-05
-0.5180203980931888 -0.38868351779303356
-0.6550706042583954 -0.5070553654666112
-0.39330756620442586 -0.29945780300782177
-0.5550481314741922 -0.4179680591705293
0.07199782743710537 0.07755472880608995
0.028829578037951942 0.029684684155035508
-0.8543008954111766 -0.7479653150096541
0.15879174104609084 0.18801046276601044
0.5180311524068621 0.9254043375942449
-0.9006272162045748 -0.8200230314404882
0.7880545727650548 1.898490121354636
0.2679419781329342 0.35897121439748403
-0.5755874297191232 -0.4349791677759077
0.08796306824972766 0.09638118398724511
-0.47432662591303276 -0.3560576086140868
0.08618656974634442 0.0942548991475457
0.7260293428234696 1.6358515250335042
-0.0001242741924929458 -0.00012425875033732597
-0.6187037089939589 -0.47274566999355444
0.7256977266350777 1.6345143289445994
0.6142680968396077 1.2233722823577016
0.3613349912102901 0.5390749388226688
0.6907951635898624 1.4976391631174064
0.9556959920103858 2.7419403706520367
0.7961784553853162 1.9347762168220377
-0.9998724082612849 -0.9997448490797962
-0.35512085938000326 -0.27379461908151537
-0.2469805712202855 -0.20104683594842565
0.3458998737563741 0.5069323826861248
0.4655862001980873 0.7832820679926991
0.7472253474086978 1.7227811416779706
0.9064461460878317 2.472867357252502
0.31662214460907667 0.44861296485958035
-0.8680278116440179 -0.7685904257509459
0.6445602240367276 1.3278057322111965
0.2745159231875207 0.37056215855329966
-0.09035557848204623 -0.08292912265902803
-0.292025351856823 -0.23165011909491826
-0.6263984310040371 -0.4798065174747453
-0.8503480248179618 -0.7421359142004867
0.5669855465625668 1.0707284800653176
-0.555530048196105 -0.41836056096663676
0.8681618659949726 2.276204852969638
-0.5106825216642217 -0.3830701684322365
0.8608214102907452 2.23971519717737
0.07440060647658853 0.08034789757595356
-0.06901400588965667 -0.06457978196744996
-0.5606617467097958 -0.42255945976710646
0.4473955827765388 0.7371103461707611
-0.9239242620662931 -0.8589832702416911
0.5635895400592073 1.0602374417219218
0.9993151139478991 2.995892559641753
0.5852870872580926 1.128344576749028
0.7004444395938374 1.5347205936482524
0.23641362614070482 0.30551851793036744
0.29665022526902884 0.4107572035477144
-0.8505388568617309 -0.7424162226694683
0.45485383014390246 0.7558514586580624
-0.06735275362579696 -0.06312189879325242
0.9794936827442786 2.8786355095633063
0.29685709290554607 0.41114150063166743
0.6683675203053356 1.413652554378899
0.46587525648438866 0.7840284624324149
0.35545641508264825 0.5267173341886914
-0.19424187605260412 -0.1638406974450095
0.17278322273895608 0.20779554239793724
-0.386952853675945 -0.2951597651151035
0.9539696694461903 2.7321956533353786
0.6784129981788918 1.4508928392462923
-0.3383875605656219 -0.26262887319209577
0.9725037335748676 2.8380257917128913
0.8595743769273008 2.2335545812263495
-0.7109252443074925 -0.5648226125161967
-0.46788587371838997 -0.3513969439944029
0.741781298363996 1.700178159684019
0.21291823179260017 0.2679048772687157
0.7337445605959747 1.667159829927757
0.22229783899100997 0.2826993114075735
-0.2622038117247256 -0.21147970485613887
0.7684961359659843 1.8129457449144255
-0.025698840410598 -0.025055382307560672
0.13304782345423272 0.15310472254004256
0.7353668633725094 1.6737915252326085
-0.6638572711816724 -0.5157169935627912
0.37838865086095597 0.5757435412790101
0.225549420413947 0.28789623361161626
0.5723366445062186 1.0873857557508382
-0.2318043015355178 -0.19052666215052758
0.9503588752429044 2.7118878888178504
0.10538760400824332 0.11766464347225986
-0.7240878654781027 -0.5794262402392794
-0.7114983278788805 -0.5654501637404957
0.0440010429371851 0.046022324774267855
0.7289046669956993 1.6474751978378195
0.07005054021263213 0.07530136187437425
0.021476855874107637 0.021948017526765312
-0.3307012568652081 -0.25750452337927326
0.018618201937910195 0.018971293147231474
0.12214389139216908 0.13888530221594564
0.06987890033830935 0.07510318396367481
-0.3967388377109844 -0.30178450199631823
0.6842226864927605 1.4727095326076352
0.3327336993572154 0.48028293243545134
0.8717778348742655 2.294322612939272
-0.15043780013599095 -0.13121090627035825
-0.13304266748473714 -0.11769721807515822
-0.8612637330057333 -0.7583526083405548
-0.4663249636192257 -0.3502725389888525
0.7092205207083042 1.5689477548579966
0.5741906122291942 1.0931931644381983
-0.17248607096188517 -0.14786633608359714
0.8194753629709597 2.0413256126282326
0.09630529443538838 0.1064732078236311
-0.6775249399459442 -0.5294959741096104
0.5218949104118231 0.9364199675250175
-0.32593208418758435 -0.254324687732849
-0.36153031427675675 -0.2780796651210223
0.8608037232930779 2.2396277416956867
0.9484497991951659 2.7011914972833315
0.20797194189059187 0.26021954127742586
0.36372842173462594 0.5441474619308022
0.324757913933017 0.46447708769900126
-0.08429883409967909 -0.07779159292008073
0.6182137747347087 1.2366760998486794
-0.41128333188330024 -0.31169956491768014
-0.7653624221038247 -0.6279165068576762
0.8901080927231317 2.387626401389962
-0.9873042249213031 -0.9749287689129366
0.14268292782301817 0.16594614438586305
0.48884576972648985 0.8446355211061052
0.14020801538033867 0.16262255244416413
-0.009740135011126139 -0.00964618882994025
0.8852025535227097 2.362416283171772
-0.6866363127484325 -0.5388949149954672
-0.0392296541659094 -0.037751061494704995
-0.13307009999753472 -0.11771880744178433
0.6531976279165002 1.3585627335189605
0.5581615792397316 1.0435980133630829
0.07709989599875078 0.08350260211809327
0.44184545972305167 0.723333214845695
0.8419998263361872 2.1479108525222586
0.8033219025507015 1.9670525553107783
-0.7559936014782176 -0.6165375211384293
0.5812258940102624 1.1154012228557977
-0.803045566416317 -0.6760331615833276
0.7809718860451904 1.8672170704420754
-0.8306061969439478 -0.7137402850011683
-0.021110060322361512 -0.02067383304982374
0.3534744194205828 0.5225831508539585
0.04356129167367628 0.045541539108939516
0.5688425510286375 1.0764915226930851
-0.5394097388568766 -0.4053950762508882
0.4824547675388371 0.8275147976472627
0.1897008979857513 0.23251398690079883
0.9767421779349732 2.862604191991335
0.13191766433002994 0.1516156013261699
0.07990043826218396 0.08679460908932957
0.529006823602395 0.9568966606653375
0.3753656994794061 0.5691539127949745
-0.2829503712364574 -0.22554272359045502
-0.26218826925123295 -0.2114691072484085
0.5944158112606357 1.1577709996610677
0.6740775806325676 1.4347459305727328
0.33431300468674574 0.4834427446404731
0.013963787531595884 0.014161497655920929
0.08378301505384167 0.09139073138257911
-0.09896471436561516 -0.09013996154238318
-0.43292485078185616 -0.32664139973763673
0.4819706957947014 0.8262261924306624
-0.585561691200766 -0.44345805018686685
0.17382622669915193 0.20929404006391755
-0.6840575886089753 -0.5362171444097135
0.10521393057123163 0.117448616937295
-0.8272810555641994 -0.7090732558236097
-0.5594909743441123 -0.42159836780259574
-0.8074973954966103 -0.6819756788060939
-0.10759295235187638 -0.09726223116018054
0.23071737933683956 0.2962290920316902
-0.721315229541964 -0.576316752861668
0.703766668827607 1.5476210439651368
0.4664807048638864 0.7855931358674192
0.7869629497120674 1.8936481967731758
0.8638112503839701 2.2545310605107343
-0.37207342564637047 -0.2851441283952024
0.7227461986019637 1.6226434648426813
0.8856511894436447 2.3647145534853395
0.03304138177694371 0.034169187050542296
0.7231810430403549 1.624388911493957
-0.8074195830891588 -0.6818713284258244
0.46763578716613985 0.7885831207431394
-0.7834972213163542 -0.6505931161287095
-0.4143077561668296 -0.3137731455385069
-0.46403693999836104 -0.3486278633165027
0.9713229080703993 2.8312033674878254
-0.19985125769864776 -0.1678928966900267
-0.41401932087193827 -0.31357520184081844
0.5718814473591463 1.0859627437272512
-0.49792186116827186 -0.3734435462319287
-0.02044103378704243 -0.020031738921737784
-0.6770456435992025 -0.5290063366694356
-0.8079288001033491 -0.6825545268068564
-0.5264183936104592 -0.39518119919795675
-0.822773644347488 -0.7027991162636229
0.33382172251094433 0.48245873700117364
0.22126942926338677 0.2810629763220302
-0.17110312642309222 -0.14683610956743057
-0.14085680618578844 -0.12381085549872069
0.09123444924110458 0.1003175844106558
0.12213282710327089 0.1388710400150195
-0.2298900742263683 -0.18919019111469576
0.7770466240969767 1.85002996314306
-0.06837572441294104 -0.06402015762448571
0.7066597886905364 1.5589111712473023
-0.9493046232207061 -0.9036190007005781
0.4267598522451814 0.6866070228961755
0.1417354867187015 0.1646717517642287
0.10209097519891275 0.11357759246724415
-0.18411991699779695 -0.15646146483168563
-0.6074220370950238 -0.46257587080637863
0.748047481496587 1.726211211390961
-0.11680480983765285 -0.10475505672742792
0.5391070183786169 0.9864275064234406
0.26895179522108625 0.36074150981082487
0.18226387382255926 0.22153882122888305
-0.11750868718327978 -0.10532298983361718
-0.9912000738054996 -0.9825543435582028
-0.26630155801081723 -0.2142702179230042
-0.5838404619498425 -0.44198429130085914
-0.35914125947670583 -0.2764817326995782
0.4252182287692614 0.6829127092920053
-0.7464053714744621 -0.605122483871251
0.250096260537632 0.3282874558738054
0.9508735044879717 2.7147761146716425
0.5793032988036388 1.1093053442059249
-0.23817126328790095 -0.1949561086922245
-0.9214737560603266 -0.8547960321428302
0.3998506216882489 0.6236594665364104
0.5289351640684627 0.9566890362718387
-0.9822657699141988 -0.9651549681947817
-0.42738135927318965 -0.32278980094131837
0.8636067192420898 2.25351548206738
-0.9406995448825675 -0.8882236450611196
0.8263595747336028 2.07352600555733
0.7369425022434735 1.6802486211689593
-0.7905111373472056 -0.6595999008554354
-0.8196865220613103 -0.6985364216239219
0.4506596026618057 0.7452799763892828
0.5968048844155229 1.1655485728028103
0.7138842876338685 1.587332467338613
0.08593952249137038 0.09395983908587496
0.9335790428438147 2.6188281990317748
0.8424648204741192 2.1501486510215706
-0.7058869346329839 -0.5593373456742061
0.1181310734240606 0.13373453721550896
0.07723320337476536 0.0836588646420637
-0.7275122431010501 -0.5832915406545236
-0.7548477733458374 -0.6151612209082655
0.43304588979015346 0.7017831836825229
0.732737400332248 1.6630512110610696
0.14468480908428982 0.16864729058093736
0.4171902995059491 0.6638490767906654
-0.5484772990366029 -0.41264692254334023
-0.7465608294901742 -0.605305729208683
-0.23149485407811543 -0.1903107651622617
0.4393321860572148 0.7171416778148378
-0.14041611272266796 -0.12346796823358082
-0.5225731843250789 -0.3921961647047082
0.44358494725879694 0.7276357005723288
0.1452149568455796 0.16936454405001428
0.9646752721201419 2.792998898838735
0.4053040389489859 0.6361552502454888
0.18699493984176385 0.22850071953653303
-0.8501348942310898 -0.7418229854910819
-0.17946154442230977 -0.15303491702218175
0.7729860675116704 1.832358470331518
-0.7892489155125184 -0.6579691459483529
0.4236217608997863 0.6790983681945164
-0.39302610804041205 -0.2992671413248785
-0.3092025055810439 -0.24315798945279293
0.02071846539967792 0.02115661370909349
0.21676645898386737 0.2739395135792638
0.7959830234378364 1.9338980638630658
0.894406826411297 2.409863276442465
-0.013802968559633921 -0.013615076386938027
-0.6044960423389178 -0.45997277966040184
0.7715431946869424 1.8261054811685153
-0.46884675721879043 -0.3520900951954969
-0.06655470804977703 -0.062419984906466754
-0.7889774559150267 -0.6576189976768964
0.9161949534460885 2.524674277192375
0.9803306478528075 2.883523811026299
0.12781040243583086 0.1462337481040891
0.2515145939843646 0.3306848953142268
-0.843971586655853 -0.7328344140738128
-0.7043511962548403 -0.5576766885732142
-0.34048011329706096 -0.2640241442673261
-0.17325815873637307 -0.1484407000725621
-0.6329704213207332 -0.48591945016094246
-0.4356525193763321 -0.3285432515970818
-0.08200906648787254 -0.07583513041107584
0.2569319644661352 0.3399071143621498
0.16650953728655682 0.1988515111495021
-0.7564594502913329 -0.6170980223608618
0.942418350815446 2.667581769800548
-0.9504707478518499 -0.9057262868130871
-0.23314485143930264 -0.191461272875428
0.1853832924044938 0.2261213186479183
-0.5728151502714656 -0.4326484550423044
-0.9058386011171824 -0.8285750706017259
-0.8345604230474832 -0.7193332301590775
0.21787487507105707 0.27568673918414366
-0.61303880514384 -0.46761237361123653
0.6050932183688777 1.1927785228178402
0.8723894944466302 2.2973966654251825
0.7541859016706696 1.7519604823519357
0.8265897531540016 2.0746083345171784
-0.22391518120070675 -0.18500383405825288
-0.8143673764801855 -0.6912568927990412
0.008371408843178996 0.00844207600159905
0.6774696872046477 1.4473698592408124
0.41911703653327903 0.6683978442175976
0.5667464252501444 1.0699877436639496
0.8024429288621431 1.963062343900892
0.6105444875628123 1.2108984130180112
-0.8357303429481744 -0.7209969884686483
-0.846113266431052 -0.735944575153505
-0.35399058900579816 -0.2730395779507352
0.3837206018953534 0.5874616993406413
0.5801836001770433 1.112093958050003
0.9949051319638587 2.969534490253419
0.9232467108146873 2.5625923756913602
0.6821532798973502 1.4649148757228008
-0.4811273088568755 -0.3610168488318738
-0.6538420788617942 -0.5058562915053831
0.7488525487338107 1.7295743254063738
-0.9607329935138778 -0.9244892369136678
-0.22438014174774534 -0.18533043687815198
-0.14980004148442894 -0.13072150984042982
-0.03181725916260136 -0.030837131001870757
0.4310349203657231 0.6969084760433477
0.8452527645932795 2.1635977283391563
0.575203264444021 1.09637311907074
-0.7127322206673579 -0.5668038605147094
0.06054153844161769 0.06442871787997778
-0.5522135160520318 -0.4156656098321302
