1 1 0 1040
x1 f
0.4340243523965506 0.6588052461817153
1.8357761172599116 1.3549081582380083
0.4218092729599938 0.6494684541684791
2.7850174057627712 1.668837141773508
1.0507393054974687 1.02505575726273
2.808032460056218 1.6757184906947282
1.9730802667659684 1.404663755767183
2.653378777781299 1.6289195123704852
0.26637136907652037 0.5161117796335599
0.1288566747005242 0.35896611915405635
2.5458918461127755 1.5955851108959294
2.6784524118715205 1.636597816163617
2.6475459822315344 1.6271281394627573
1.3111382274863912 1.1450494432496752
1.6359834195838316 1.2790556749351576
2.479640255579855 1.5746873516923463
3.24486925383722 1.801352062712123
2.7784547303803717 1.666869740075802
1.2141045354112787 1.1018641183972182
3.763208321592562 1.9398990493302897
1.3106173355601336 1.144821966752968
0.5154586522848672 0.7179544917923888
2.950993389016289 1.717845566113639
1.9164637292243385 1.384364016154833
1.8059536573606443 1.3438577519070403
3.897572979676625 1.9742271854263949
3.4636740743155565 1.8610948590320582
1.6084135717939727 1.26823245968315
3.056736525213092 1.7483525174326522
0.37828062872861556 0.6150452249457885
0.4191333577849945 0.6474050955815798
2.8008252757704435 1.6735666332030057
3.228248852268562 1.7967328271806473
2.8980914603157943 1.7023781778194276
0.2594194483910077 0.5093323555312461
1.1071904507578898 1.0522311774310291
3.055181281069159 1.7479076866554364
1.66688290604703 1.2910781951713963
0.04834856606454885 0.21988307361993295
1.613548820297071 1.2702554153779746
3.893843039309466 1.9732823009669616
3.346404250620719 1.829317974169805
2.9046388689463414 1.704300111173599
1.3404752934207096 1.157788967567367
3.824735532902993 1.9556931080573436
3.4336549695400693 1.8530124040437692
0.39544084146717706 0.6288408713396236
1.6281085241411515 1.2759735593424935
2.9946149268344873 1.7304955726133735
0.6027302750654795 0.7763570538518211
0.809113146798075 0.8995071688419581
1.541024487260382 1.2413800736520553
1.0814895935553017 1.0399469186238794
3.9045569650893053 1.9759951834681444
2.5074964426727866 1.5835076389688767
0.7500723269272518 0.8660671607486637
0.49503644458868035 0.7035882635381864
0.6971326304194045 0.834944687041845
3.3214227993448775 1.8224771053006064
2.742871179204875 1.6561615800412939
1.3791154390297855 1.1743574579444649
0.7516276839989402 0.8669646382632571
1.2494618970986573 1.117793315912498
3.703908567633968 1.9245541217731363
2.150357755564351 1.4664098184219687
1.9673062226085198 1.4026069380295108
1.2576137900192172 1.1214338099144403
3.448302206594987 1.8569604752376898
0.0024556331354950167 0.049554345273598525
3.153231241820246 1.775734000862811
3.352585893582535 1.8310067977980133
2.2280701743801834 1.492672159042361
3.989074311766529 1.9972667102233814
2.383493711422066 1.54385676518972
3.065200484342208 1.7507713969397056
2.822756920924713 1.680106223107549
2.1696112498550963 1.4729600299584156
0.7469162512148451 0.864243166715737
3.5824727408733406 1.8927421221268734
1.6183902492825037 1.2721596791607976
3.643317197192367 1.9087475467416761
0.6130645958515784 0.7829844160975226
3.501411889670821 1.8712059987267091
0.4504826522678398 0.6711800445989435
0.9952842022861215 0.9976393147255783
3.6622179427507757 1.9136922278022597
1.5924690502745777 1.261930683625126
2.678432725542039 1.636591801745945
3.540185767419355 1.8815381387097512
0.7574340753648166 0.8703068857390573
0.5525445996149356 0.7433334377080959
2.5673045099389076 1.6022810333830042
1.1403127356383367 1.0678542670413116
1.0284085754531729 1.0141048148259493
0.6359001532918929 0.797433478913378
1.2345643253580527 1.1111095019655142
0.07333757747489367 0.27080911630684384
1.3940712051280162 1.1807079254108597
3.015083411681353 1.7363995541583606
2.444012229727588 1.5633336910997562
0.9973848984433182 0.9986915932575573
1.0105966456862001 1.005284360609574
2.689433420939548 1.639949212914701
1.4811068619600496 1.217007338498848
2.983758080270046 1.7273558059270957
0.6505102429441143 0.806542151994621
3.404399749785948 1.8451015554125871
2.9850233079669755 1.727721999618855
3.15391779312107 1.7759273051341573
3.772846968418549 1.9423817772051273
2.5594999789709028 1.5998437357976256
1.721520052088961 1.3120670913062948
1.0840500781146867 1.0411772558573715
0.07495123436178286 0.2737722308083544
3.5688453035160603 1.8891387729640352
2.8221967705748012 1.6799395139631668
3.461859567029063 1.860607311344622
2.97132941223284 1.7237544524185688
0.3670333982738083 0.6058328137975099
0.8140060338972073 0.902222829403694
0.2635707593951446 0.5133914290238439
0.7958735798719716 0.8921174697717625
1.1981615544527373 1.0946056616209956
3.4137298549675625 1.8476281701055444
2.7347696502777388 1.6537138961373394
3.350127220297158 1.8303352753791198
3.567564717645646 1.888799808779545
1.5559253350300621 1.2473673616982537
0.12928527492738118 0.35956261614269797
1.6664765695180397 1.2909208223272408
3.4573087029820058 1.8593839579231628
0.6971119183274181 0.8349322836777952
2.7847364025530386 1.668752948327894
0.7177585110631339 0.847206297818385
1.0216001144292899 1.0107423580860209
2.0257165730768385 1.423276702920707
1.9406210346597543 1.393061748329827
3.3582431358558784 1.8325509913385434
3.2637964995223174 1.8065980459200983
1.9009186554512398 1.378738066295132
0.49090789157763925 0.7006481938731015
2.105832830803318 1.451148796920329
2.8623267928064213 1.6918412433814294
0.5554005544774876 0.7452520073622664
2.326242930567807 1.525202586729975
2.8122772158676947 1.676984560414226
0.5203512596228648 0.7213537687035847
0.17575723547466549 0.41923410581042364
1.8328963488786822 1.3538450239516642
2.802034050813052 1.6739277316578072
3.5191190516151134 1.8759315157049612
1.876518773741469 1.369860859263257
3.273633196241824 1.8093184341739914
1.4176071705831843 1.1906330965428369
0.00564896294607431 0.0751595831951875
1.652093768352655 1.2853379977082506
1.0734486373192715 1.0360736640409656
2.968475409701389 1.7229264086725784
0.4379299522078437 0.6617627612731346
0.09642385655186914 0.3105219099385245
3.63632189030894 1.9069142325518837
3.7683261184162857 1.9412176896000835
0.25007500861538423 0.5000750029899357
2.885371378325922 1.6986380951591549
0.16110062433014738 0.4013734225508054
3.9652106882873115 1.9912836785067345
1.15826642022303 1.076227866310397
3.1032178866532023 1.7615952675496158
2.7488557932870714 1.6579673679801636
0.3997403884350694 0.6322502577580095
3.4056347941640466 1.845436207015579
0.05609031994007996 0.2368339501424573
3.952209842562303 1.9880165599316075
2.8283082870918292 1.6817574994902889
2.4455989350282556 1.5638410836872958
2.8475097432324117 1.6874565900290328
2.491473341097705 1.5784401607592558
1.2952115724610844 1.1380736234800823
2.743536525635 1.6563624378845954
3.923300476067052 1.9807323080282837
0.5832695162841652 0.7637208366177822
3.2448082542092367 1.8013351310095622
2.0845598382858195 1.443800484237978
2.015987923497977 1.4198548952262613
1.717736029416483 1.31062428995364
3.3991936586654554 1.8436902284997487
0.28688480315213294 0.5356162835016621
3.945724518760457 1.9863847861782613
3.732986229587987 1.9320937424431526
0.6979555263760187 0.8354373264201322
2.339868062502832 1.529662728349891
0.8240557370090955 0.9077751577395669
2.4261887558104576 1.5576227899624664
2.990900358001138 1.7294219722211055
3.1871315298105434 1.785253911859751
0.5098289841539341 0.7140230977734082
3.001270489947166 1.73241752760331
2.6944762517418495 1.641485988895991
0.6912518675961077 0.831415580558909
1.5664206728232517 1.251567286574418
2.2385832111100847 1.496189563895593
3.6606466499774544 1.9132816441855742
2.040382748955823 1.4284196683593455
0.7914310166981706 0.8896240872965224
2.7350952248057965 1.6538123305882673
3.380936406732798 1.8387322825068357
0.8361663536532311 0.9144213217402748
2.7930392853202237 1.6712388474781885
2.4268449739581444 1.5578334230456556
3.7695453832396133 1.941531710593369
3.02650505279623 1.7396853315459753
1.894464548703633 1.3763954913845196
0.4601619881798573 0.6783524070716174
2.1050752676164115 1.450887751556409
0.7109164237130443 0.8431585993827284
1.9912062962593575 1.4111010935646522
3.6451053439463084 1.909215897677973
3.902096192585135 1.975372418706188
3.2586189861710344 1.8051645316067548
1.013809605884075 1.006881127980893
2.1003867899558495 1.44927112368799
0.2286168916696365 0.4781389878159242
1.3092095150240404 1.1442069371508112
2.294937988941399 1.5149052739169533
0.24689592258091464 0.49688622699861046
1.1993583457857175 1.0951522021096964
3.856002632011112 1.9636707035577814
2.6569436276582032 1.630013382662303
2.6837742866349825 1.63822290505138
2.0579598964655754 1.4345591296511886
2.8217138784767934 1.6797957847538472
0.18013485496586723 0.4244229670574711
1.9726248850295072 1.404501650062935
3.776336671177049 1.943279874639021
3.6101901050219896 1.9000500269787608
1.535201143237094 1.239032341481486
2.683961196197527 1.6382799504961072
1.1628664011742207 1.0783628337318663
3.4428987447569477 1.855504983759663
1.5697751483494895 1.2529066798247543
3.823944866490745 1.9554909528020694
3.480182563650485 1.8655247421705468
2.9019965362867746 1.7035247389711645
3.3359419761972906 1.8264561249034401
0.9597980037882237 0.9796928109301526
2.3626516773891737 1.5370919547604085
0.25203875891332395 0.5020346192378808
3.977420941865399 1.9943472470624064
1.9025376960610876 1.379325087157153
1.2712105497487718 1.1274797336310625
0.15294295117179013 0.391079213423304
1.7067996757743584 1.3064454354370711
3.5027364267361447 1.871559891303547
1.6479476666730943 1.283724139631679
2.571999611335923 1.603745494564497
2.070891289301413 1.4390591681030398
3.51354489412075 1.8744452230248687
1.038595677010341 1.0191151441374724
3.6742980798647027 1.9168458675294429
2.108857405562346 1.4521905541499525
0.8314475091312015 0.9118374356930086
2.768848590076562 1.6639857541687555
3.1412462293084316 1.772356123725825
3.383505769012852 1.8394308274607263
3.575518652755762 1.8909041892057254
0.8844877230298414 0.9404720745614095
0.4135498210671362 0.6430783941846718
3.1084207216072666 1.7630713886871587
0.8360216836906567 0.9143422136654616
2.8563330904545725 1.6900689602659924
0.8348824163968831 0.9137190029745923
1.4653071216135198 1.210498707811586
0.7983754057317838 0.8935185536583915
2.7501661685346046 1.65836249611917
3.2764497141741096 1.8100966035474764
0.20761062245253648 0.45564308669454917
2.478392196102433 1.57429101379079
1.0952841039389307 1.0465582181316675
3.60255193769577 1.898038971595623
0.6195709543012424 0.7871282959602217
2.704264054238887 1.6444646710218151
2.3140654571075867 1.5212052646199943
2.1667947108902204 1.4720036382054973
2.085933322245465 1.4442760547227336
0.457495940012957 0.6763844616879937
0.6197439932634992 0.787238206176186
1.4672630327838498 1.2113063331725173
3.442340438885765 1.8553545318579316
1.4743399802111457 1.214224023898039
3.4040218624819243 1.8449991497239029
3.260613604265192 1.8057169225172565
3.4329462712439427 1.8528211654781859
0.7987882909881758 0.8937495683848893
1.330804761790212 1.153605115188994
1.2849878982581364 1.1335730670133868
1.2478522371957501 1.117073067080104
2.3865954093859356 1.5448609676556448
3.053450343211097 1.7474124708296828
0.6262301821233178 0.7913470680575735
3.189887687634807 1.786025668246346
0.06033227433677757 0.24562628999514194
1.8563739582117407 1.3624881497509402
0.7389729572279067 0.8596353629463522
2.1572112382382294 1.468744783220771
1.4154825470109298 1.1897405376849735
0.8695017930288409 0.9324708000944807
0.29495472625385677 0.5430973450992527
1.3814516616591495 1.1753517182780435
1.9453712192947532 1.394765650313612
2.8093227564717034 1.6761034444424077
2.4542635719290975 1.5666089403323018
2.5965024616552124 1.6113666440804875
3.4140139660531035 1.8477050538581918
1.6221122799321148 1.273621717753005
3.189272852952855 1.7858535362545427
0.6778607102052865 0.8233229683455251
0.38195254044255433 0.6180230905415706
3.819678598061818 1.9543998050710654
0.585532281724988 0.7652008113724057
3.5173132137707226 1.8754501363061409
2.2932585584748035 1.5143508703318407
1.8553163744955987 1.3620999869670356
1.94400724493023 1.3942766027335574
2.2475020972437822 1.499167134526295
2.475163685895573 1.5732652941877199
3.4040321431438194 1.8450019358103176
2.1145372771537034 1.4541448611310028
0.2684274492351584 0.5180998448515096
2.247708891267604 1.4992361025761098
3.5968522261451246 1.8965369034493171
0.016486793243746245 0.12840090826682748
2.7434011759090806 1.6563215798597446
1.421783828714049 1.192385771767698
2.8688668185470263 1.6937729536590866
2.7768134699291287 1.666377349200693
1.5395068739737354 1.2407686625530705
2.5248857941095006 1.5889889219593385
2.170932461557956 1.4734084503483602
3.8377003885947856 1.9590049485886414
0.15572496986957152 0.39462003227100817
1.0190172330358882 1.0094638344368203
2.6931569232062484 1.6410840695120554
0.14548672659046424 0.3814272231900395
3.9381111508575026 1.9844674728645724
3.686596570817944 1.9200511896347825
3.719499757378933 1.928600465980171
0.27023421027442085 0.5198405623596728
2.3328076071534887 1.527353137671013
2.1384584665500688 1.462346903627887
2.739745139298644 1.6552175504442441
1.7803052080572135 1.3342807830652488
1.2110923607735335 1.1004964156113974
3.5739458284106194 1.8904882513283756
1.3480978742233418 1.161076170724101
3.9069260128816854 1.9765945494414592
3.1087136916338287 1.763154471858274
3.529842075099019 1.8787873948637772
2.137727079436704 1.4620968091876487
0.801064432259865 0.8950220289243528
2.377570987008188 1.541937413453668
0.7535813098338089 0.8680906115341929
3.705674633705131 1.925012891828294
0.6779064271240327 0.8233507315379228
0.7738176221710753 0.8796690412712472
2.1282926631665617 1.4588669107106933
2.693858579981835 1.6412978340270346
1.8094866971037917 1.3451716236613793
2.8877069886440094 1.6993254510669842
0.4148107950036417 0.6440580680370689
2.5504275203794693 1.5970057984802275
0.17414653609010733 0.4173086820210039
2.6154070084884222 1.6172220034640954
1.521044307923355 1.2333062506625656
1.39088458345582 1.1793576995364128
2.7073504816461718 1.6454028326358783
1.0225826327033731 1.0112282792245146
0.8226163837234841 0.9069820195149869
0.7802402757662046 0.8833121055245448
2.584350849327647 1.6075916301497861
1.19858117848197 1.0947973230155297
2.1584977204893496 1.4691826709056126
2.4242756140667057 1.5570085465618697
2.058473689935604 1.434738195607688
2.0556262576490676 1.4337455344826946
0.9610620755495707 0.9803377354511916
2.8991458674091484 1.7026878361605653
3.0727628940325666 1.7529298029392297
2.7807083845033618 1.6675456169182785
1.1484433465139259 1.0716544902691005
1.0869725822711724 1.042579772617507
3.8354715681254477 1.9584360005181296
2.9312684482322733 1.7120947544549845
1.6923712568318354 1.300911702165768
0.8598730667879697 0.9272934092227604
0.2984048202397398 0.5462644233699828
3.7935910508503397 1.9477143144851454
2.0188565846563806 1.4208647313014637
1.8492126458387 1.3598575829250281
0.2617744711614298 0.5116390047303174
0.6627771932444202 0.8141112904538422
1.0808436610624677 1.039636311919927
0.9970735119004344 0.9985356838393079
1.8441381438991793 1.3579904800473306
1.1965106938958963 1.0938513125173348
0.8224254555326089 0.9068767587343988
3.9096473068735227 1.9772828090269543
2.0277945836837348 1.4240065251549008
3.4599161655953696 1.8600849888097506
2.8416503069865278 1.6857195220399293
3.646164927903748 1.9094933694317318
3.174736337287135 1.7817789810431413
1.0229200206373892 1.0113950863225454
2.3468503314555655 1.5319433186170974
0.1671063946529645 0.40878649030143416
1.5100035792000064 1.228822029099416
1.6762159782733423 1.294687598717676
1.392826132863247 1.1801805509595753
1.6253836904675127 1.2749053652987397
3.6963760785744864 1.922596181878682
0.6325659838023716 0.7953401686086097
0.8975799081122342 0.9474069390247436
2.9535928184376012 1.7186019953548295
3.129893038648827 1.7691503719720454
3.2631271620717492 1.8064127883935468
1.9668330745614995 1.4024382605168397
1.9638828325789182 1.401386039811628
1.2681745920181817 1.1261325819006311
3.9779890500428787 1.9944896715808982
1.9834368666900954 1.4083454358537522
1.3779602329425553 1.1738655088818972
3.1420788647944886 1.772591003247644
0.30266953044245426 0.5501540969968817
1.453274680304248 1.205518428023499
1.7399493411099876 1.319071393484821
2.2458811712471385 1.4986264281825337
3.185025523013068 1.7846639804212634
3.2037887969733094 1.789913069669393
1.399800489016454 1.1831316448377391
0.24608159427173382 0.49606611885083807
1.1172949542856654 1.0570217378491633
1.183788832677552 1.0880206030574753
2.1842574067403597 1.4779233426468235
3.610278125346007 1.9000731894708707
2.7006144415931512 1.6433546305022393
3.2179548739946178 1.7938659018986391
1.9274171271430482 1.3883144914402674
3.393432966851205 1.8421272938782502
0.6355712424953843 0.7972272213712878
3.946795011666535 1.9866542254923314
0.4386381064835674 0.6622975966161794
0.4779789194289079 0.6913601951435359
2.6725820463499144 1.6348033662645531
0.832344267642541 0.9123290347470813
1.267945287599956 1.1260307667199667
1.713954405825703 1.30918081479439
3.163354261600237 1.7785820930168608
1.4155746617137206 1.1897792491524302
0.6491742826018676 0.8057135239040409
2.6915722517609812 1.6406011860781344
0.602066921559905 0.7759297143168994
0.6473767877388235 0.8045972829551585
3.2272337402721196 1.7964503166723313
1.922609424651224 1.3865819213631858
0.34925008711617345 0.590973846389308
2.827691922922376 1.6815742394917852
2.4152826847214395 1.5541179764488406
2.0480443382213114 1.4310989966530308
2.994069505847329 1.7303379744568195
3.706565846215497 1.9252443601308113
3.9150190016897124 1.97864069544971
0.9170939234509508 0.9576502093410468
2.242132880699376 1.4973753306033113
1.466587227241936 1.2110273437218237
1.4043511410449652 1.1850532228743844
2.72349231080798 1.6503006728496417
1.2560637166410142 1.120742484534701
0.541634205482842 0.7359580188318094
3.2293021548930483 1.7970259193715177
3.5647693552402795 1.8880596799996232
0.05800916122174016 0.24085091077623136
2.827556096104339 1.6815338522029044
1.902274748415107 1.379229766360597
0.9888989890013233 0.9944340043468562
1.4542432059212835 1.2059200661409044
2.477574549451589 1.57403130510533
1.8409289606145784 1.3568083728421558
1.0275431069870247 1.0136780095212803
1.8574738435764928 1.3628917211490035
3.456000797713279 1.8590322207302592
0.960333851288484 0.979966250076238
3.85341536000037 1.9630118084210217
3.4005080960505927 1.8440466631977057
0.4349564679716118 0.6595122955424044
0.4309296335133195 0.6564523086358365
3.7584768243343722 1.938679144245992
3.410042120682002 1.8466299360407872
0.21841338291105883 0.4673471759955963
2.080268186115105 1.4423134839954541
0.26888172237327446 0.5185380626080157
2.7996671515462817 1.6732205926136223
1.0932246707500735 1.0455738475832654
3.950542693120476 1.9875972160174897
3.7353759361758274 1.9327120675816736
0.4813919493274508 0.6938241487058884
0.9043984997159438 0.9509986854438568
0.10910148837950917 0.3303051443430895
0.9033891535051151 0.950467860322018
1.14880580638855 1.07182358921072
1.1834512322173305 1.0878654476622238
1.4488407631801934 1.2036780147448873
1.574529460186172 1.2548025582481779
1.4979538092229596 1.2239092324281893
0.15277688840433923 0.3908668422933048
1.7289730353564319 1.31490419246287
0.41124383116742047 0.6412829571783586
1.4440868911261129 1.2017016647762926
2.405738220889948 1.5510442356328682
2.639566527345596 1.6246742834628718
0.5543542686011391 0.7445497086166505
3.8152874824871477 1.953276089672719
2.4726583862579012 1.5724688824450235
1.7516349631862576 1.3234934692646796
0.7087089862591109 0.8418485530421199
0.019884639216457778 0.14101290443238795
3.380691015636496 1.8386655529585842
1.3685816077944644 1.169863927042143
2.039351125615915 1.4280585161735897
0.3270319816911149 0.571867101424024
1.1327410271420937 1.0643030710949273
1.3251924927183718 1.1511700537793588
0.10064191366749808 0.3172410970657775
2.2520462613368517 1.50068193210182
3.753880857704422 1.9374934471384468
2.863273149682843 1.6921209027970912
0.20035410980871582 0.4476093272137164
3.6053066102194467 1.8987644957233234
2.6831958620800562 1.6380463552903672
0.11904657021930021 0.3450312597711984
3.901224567183067 1.9751517833278198
1.0842529750765464 1.0412746876192402
1.7364464395873611 1.3177429338028572
1.6450172615000933 1.2825822630537558
2.998892503937475 1.7317310714823693
1.4697189206181829 1.2123196445732383
0.7433749186434824 0.8621919268025434
0.6593599043342593 0.8120097932502165
2.6275477739305497 1.6209712440171633
1.7887646405424658 1.3374470608373499
3.7369523100837503 1.9331198385210757
1.6544291816002556 1.2862461590225471
0.5583732104429688 0.7472437423243964
3.7910852057526006 1.9470709298206372
0.20808590763332457 0.45616434279032
2.921420043761503 1.709216207435883
0.1133038214623836 0.3366063300985048
2.0103150533733456 1.4178557942799914
3.043710848476264 1.7446234116497072
0.3886946215876539 0.6234537846445829
0.3391940991006246 0.5824037251774963
2.4309677004171766 1.5591560859699636
2.0512220124034246 1.432208787992667
0.2566099292394082 0.5065668062944987
2.609990019753278 1.6155463533285814
0.155521522933753 0.39436217229059
0.49224145857258694 0.7015992150598424
0.555315205444693 0.7451947433018385
3.6194067177155818 1.9024738415325404
1.22581061132413 1.107163317367465
3.551609872983727 1.8845715356504054
0.7335646993726028 0.856483916587231
3.6977424517007464 1.9229514948902757
0.34918127024763157 0.5909156202433911
1.1710609040588178 1.082155674595304
1.0245122899490622 1.0121819450815461
1.770982750042129 1.330782758395272
0.6725748297102809 0.8201065965533266
3.0083142854080362 1.7344492743830926
3.749826089732057 1.9364467691449867
1.8430067871912628 1.3575738606761927
0.35101660167782667 0.5924665405555208
0.10379465462980608 0.32217177813987075
1.9144301315003505 1.383629333130933
1.015485097215648 1.007712804927896
1.0680073837194914 1.0334444270107084
2.81766389173277 1.6785898521475608
1.4792374114345206 1.2162390437058501
0.4878857962998393 0.698488222019412
1.3232439892376093 1.1503234281008143
0.8646062533086192 0.9298420582596914
3.2463980126334033 1.8017763492268966
0.8164990847535072 0.9036033890781437
3.619371259659387 1.9024645225757528
2.253581109263948 1.5011932284899063
0.7320053712602879 0.8555731244378167
1.7081431928919764 1.3069595222852068
0.7367576333126387 0.858345870446546
3.203296862033729 1.7897756457259466
0.0035599583781134037 0.05966538676748357
3.080518455120808 1.7551405798741044
3.3429310339829272 1.8283684076200089
0.1585218535853059 0.39814802973932434
1.6613194031388026 1.2889217986902086
2.899131382566579 1.702683582632598
2.2180532969387357 1.4893130285264866
2.0806146500599354 1.442433586013559
1.958123383850964 1.399329619443169
1.4409130794525074 1.2003803894818124
2.9801770961927314 1.726318943936123
2.2638796371039667 1.504619432648657
3.57192145771578 1.8899527660012512
3.27629122568816 1.8100528240049127
2.6040195147238743 1.6136974669137565
0.42450511932735013 0.651540573815131
0.8999323381754816 0.9486476364675567
1.1955306201634324 1.0934032285316484
0.7643663874101603 0.8742804969860418
2.957478613317749 1.719732134176061
2.392716528494811 1.5468408219641772
1.0730431064431531 1.0358779399346012
1.8267922613240706 1.3515887915057858
2.240072586232722 1.496687203871511
3.5940428266140714 1.8957960931002236
0.13368749192604534 0.3656330016916489
3.3968718204448898 1.8430604494820266
0.44094931226515977 0.6640401435644985
1.9137234685160824 1.3833739438474626
2.284354267885613 1.511408041491646
3.3963877105973093 1.8429291116582074
2.7316195004017345 1.6527611746413136
2.1686247613713623 1.4726251258794147
0.13144690690721061 0.36255607415572366
0.23686042881376856 0.4866830886868462
2.8412480609858584 1.6856002079336185
2.2064987642863514 1.4854288149508719
3.788430029241999 1.9463889717222502
2.406619558948716 1.5513283208104969
3.6618208880161625 1.913588484501347
1.1802692409451412 1.0864019702417431
1.8985645096839971 1.3778840697547807
3.1095451574119632 1.7633902453546586
3.183287038626676 1.7841768518357914
0.47290841746503576 0.6876833700657853
3.8555758973155254 1.9635620431541054
2.8957464441701655 1.7016892913132424
0.0009336486774778052 0.03055566522721777
3.1562419986700903 1.776581548556128
2.673420659813499 1.635059833710528
2.2622841885402174 1.5040891557817366
2.238659373678762 1.4962150158579355
3.8728177452378185 1.9679475971777853
2.6460456474199052 1.626667036433672
0.9292884963054444 0.9639961080343864
1.9316551247450504 1.3898399637170642
0.40289111305748637 0.634737042449459
0.05162155410973668 0.22720377221722504
3.721866091202505 1.9292138531543115
2.2413121592082126 1.497101252156384
3.798330092020622 1.9489304995357382
2.068979566042366 1.438394787964127
3.3436934102005473 1.828576881129297
0.7537545441569296 0.8681903847411174
1.209099735191002 1.0995907125794588
0.23917389192149763 0.4890540787290273
3.7718236272746277 1.9421183350338433
0.6234187187670459 0.7895686916076687
2.867148234906043 1.6932655535698005
2.6946505439593342 1.6415390778045262
3.899781155106591 1.9747863568261228
1.5873967707720515 1.2599193508999105
2.2049066457857363 1.4848928061600057
3.0696950007996584 1.7520545085126942
0.33524373462193546 0.5790023614994463
2.455962474664282 1.5671510695093445
2.9488449771378322 1.7172201306582193
1.4021690190053757 1.1841321797018167
3.4782440284220195 1.8650051014466473
2.8058499419117315 1.675067145493497
0.6509009512879769 0.8067843276167286
3.3595891808529186 1.8329182144473655
0.027910470725353242 0.1670642712412
2.8705908492699996 1.6942818092838037
0.14602544910957338 0.3821327637216853
3.843485997386663 1.9604810627462492
0.2304077499631414 0.4800080728103866
3.4035821032757028 1.8448799698830551
1.1895650695552504 1.0906718432027345
1.2535186830638936 1.1196064858082475
0.5559091906948224 0.7455931804240314
2.0474645370268547 1.4308964103060902
1.9579247234445392 1.3992586335072366
0.685920777376821 0.8282033430123432
1.306611767865963 1.143071199823512
0.48397222088326153 0.6956811201141379
3.294865820068319 1.8151765258696795
2.5883255944895716 1.608827397357955
0.14888021813428542 0.3858499943427308
1.8869823000829018 1.3736747431917433
1.214811577913827 1.1021849109445416
2.224919053212166 1.4916162553459138
1.2164705962125093 1.1029372585113395
1.1698234505045058 1.0815837695271253
3.7894134268896336 1.9466415763795948
2.4824738795749695 1.5755868365707328
1.5229723406880402 1.234087655188253
2.6418601176755265 1.6253799917790075
2.1064854287192594 1.4513736351192477
3.7808503264813336 1.9444408775998652
3.357883183720966 1.8324527780330293
0.8830716885573797 0.9397189412571079
0.9277104132588327 0.9631772491389281
1.9513862528981658 1.3969202743528943
3.1413318614550967 1.7723802812757472
0.6579729673560335 0.8111553287478506
1.5640640507011767 1.2506254637984855
3.766819720864638 1.9408296475643187
3.024682982324751 1.7391615745308862
2.3563052575527954 1.535026142302728
2.6358641516296855 1.6235344627169714
1.687900109263479 1.2991920986765118
2.1986584985443587 1.4827874084117247
1.2738206849518634 1.1286366487722537
0.911382188337805 0.9546633900688792
1.7721536653980108 1.3312226205252113
3.7305456106976957 1.9314620396729767
3.3713683192599713 1.8361286227440525
0.3575113624801447 0.5979225388628068
3.0143726342418096 1.7361948721966118
1.6100637194300869 1.2688828627694861
3.2383481929069156 1.7995411062009434
3.5880593693261513 1.894217350075263
2.214366957769805 1.4880749167195195
3.929956712677863 1.9824118423470596
2.988052339006423 1.7285983741188764
1.9668914195346887 1.4024590616252186
2.7661587820902556 1.6631773152884979
3.9783496352588306 1.99458006489056
3.313458931936286 1.8202908921203462
0.33196266490083515 0.5761620127193697
0.16881511413242523 0.41087116488313613
0.7690780503060841 0.8769709518028999
3.2298286865265617 1.7971724142459347
2.7324171250577827 1.6530024576684037
1.0664719320384841 1.0327012791889454
3.51959877657251 1.876059374479526
1.0373824994892225 1.0185197590077586
2.893438511879612 1.701011026383901
3.890397597915336 1.9724090848288385
2.1121723672324015 1.4533314719059798
2.253593644502034 1.5011974035755704
2.135646860295435 1.461385253892838
1.9105377249356117 1.3822220244720498
1.6732500085019866 1.2935416531762658
3.6618543819759526 1.913597236091219
2.4797890371480333 1.5747345926053804
3.8730466033069404 1.968005742701718
1.0308868396278936 1.0153259770280152
2.8062590349559122 1.6751892534743387
3.587471447402892 1.8940621551055001
1.74535609147142 1.3211192570965802
1.6813470001265398 1.29666765214782
3.338995299829513 1.8272917938384972
2.651580531065997 1.628367443504689
1.2505849522296844 1.1182955567423507
2.7498738127601583 1.6582743478568793
2.6206176177707117 1.618832177148302
3.388574748970481 1.840808178211538
0.8525763533083142 0.9233506123398165
0.052500460657351145 0.2291297899823398
3.175635165643195 1.7820311909849376
1.8153778429408094 1.347359581901138
2.6527753333349313 1.6287342733960415
3.728563388129765 1.9309488310490688
2.0368194362356746 1.4271718313628792
1.1003123479434778 1.048957743640552
3.927633300732789 1.9818257493364015
2.1088341179296513 1.452182536022814
1.732528001742664 1.316255295048291
0.3492039645773284 0.5909348226135674
0.8708930608490917 0.933216513382126
1.100040557656575 1.0488281830960564
1.6681571282081529 1.2915715730102428
3.9157215068616185 1.9788182096548481
0.909945348002632 0.9539105555567734
2.422238692559879 1.5563542953196354
3.838020445725141 1.959086635584333
2.605405762868514 1.6141269351784306
0.6203869817386187 0.7876464827183695
0.8641833444353777 0.9296146214616989
2.7000263632205646 1.6431756945684672
3.7162952101210873 1.9277694909197747
0.5978415108232826 0.7732021151182158
2.4463654833002035 1.564086149577511
0.5102577670499562 0.71432329308931
0.6154336080987686 0.7844957667819301
3.4666251064681477 1.8618875117654523
3.2808301042642993 1.811306187331203
2.0131736224347576 1.4188634967588523
0.7427126527713512 0.8618077818001827
0.21811475572246408 0.4670275749058765
1.8636619485732688 1.3651600450398733
1.5175764705566612 1.2318995375259547
1.222596897828541 1.1057110372192822
3.1420350922968834 1.7725786561664572
1.1845117416304096 1.0883527652514187
3.520114456463417 1.8761968064314087
0.1568172200782385 0.39600154049983
2.0367965255178895 1.4271638047252633
1.5034997236251049 1.2261727951741161
0.41844868523329426 0.6468760972808427
3.9437322582790912 1.9858832438688563
1.7476233563657186 1.3219770634794383
3.9881176615582405 1.9970272060135386
1.810767639849629 1.3456476655683793
2.6796807598116588 1.6369730479796112
0.02154734184626017 0.14679012857225845
2.1568733249060013 1.4686297439811034
1.7742846201249916 1.3320227551078065
0.3539699028862686 0.5949536981028596
1.5538480068095346 1.2465343985664954
1.9064920101593663 1.380757766648215
0.7032758034439319 0.8386154085419203
0.23307788050555267 0.4827814003309911
3.8362355184701884 1.9586310317336924
0.46348735569982624 0.6807990567706643
2.867822899517112 1.6934647618173553
3.293613746886689 1.8148316029005802
3.812953940256881 1.9526786577050719
1.9346811629380105 1.3909281659877373
1.9190984979900945 1.3853153063436838
2.4483419206422328 1.5647178405841204
1.6408343616236003 1.2809505695473187
0.3982540612805381 0.6310737368014439
0.3793429935635757 0.6159082671661225
3.5634645741132234 1.8877141134486501
1.8026992172299385 1.3426463485333502
3.59786951700916 1.8968050814485815
2.044246151967852 1.4297713635290965
3.1937078883924346 1.787094817963623
1.1680012005573994 1.080741042321147
3.1594473983205886 1.777483445301415
0.9571742535944625 0.9783528267422048
3.4071890467344046 1.8458572660783945
1.5690995769372496 1.2526370491635834
2.7670237739065353 1.6634373369341375
0.24493791838774248 0.49491203095877806
2.283494101454476 1.511123456721679
1.541466507562785 1.2415580967328048
1.0221939146443089 1.0110360600118617
3.4189822949153466 1.8490490244759188
0.779539611204564 0.8829154043307683
1.2394698941651434 1.113314822574973
2.0579417541837506 1.434552806342015
3.4881423350181366 1.8676569104142593
2.6635083116861775 1.6320258305817887
1.9666143550642836 1.4023602800508448
0.6640854635789002 0.8149143903373532
0.3484779817758801 0.5903202366308308
1.5689317117900239 1.2525700426682829
3.6114298160011367 1.9003762301189564
2.089847689552764 1.4456305508506535
2.842413015125555 1.6859457331496632
2.388946528770196 1.5456217288748875
1.0998679071646653 1.0487458734911261
2.2309503971845652 1.4936366349231547
3.8177877662899267 1.9539160079926483
3.8885761804306735 1.9719473067074267
3.4736648021660455 1.863777025871401
0.1624170538816716 0.4030099922851437
1.9277989969243778 1.3884520146279373
3.8765142820206124 1.9688865589516864
1.4436242083539161 1.2015091378570186
0.868566481812806 0.9319691420925942
2.2816752522730765 1.5105215166534625
3.7509715788679334 1.9367425174420922
3.7752251439053386 1.9429938610055717
2.353626222853238 1.534153259245385
3.4022064408822095 1.8445070997104374
2.713438718475254 1.6472518685602557
3.0574717403364735 1.748562764197063
3.968364825028465 1.9920755068592317
3.767184051070806 1.94092350469327
2.7510246931299136 1.6586213230059215
1.3579169720868687 1.1652969458841247
2.3042376663050934 1.517971563075242
2.508315994574924 1.5837663952031953
0.7436540857115062 0.8623538054137097
3.341117277425527 1.827872336194606
3.9580673589522357 1.9894892206172508
2.745838412556058 1.6570571542816677
0.036241417698929634 0.19037178808565527
1.371993610554647 1.1713213096988575
0.4345608517353585 0.659212296407886
0.17756425373483964 0.4213837369130893
0.06600776157644139 0.2569197570768768
1.7492289225136868 1.3225841835262082
0.9001210402372379 0.9487470897121307
3.4396425121576066 1.8546273243316584
3.553845030400578 1.8851644571231916
1.2273376838433827 1.1078527356302292
0.09293929622586727 0.3048594696345634
1.8518383006140064 1.360822655827719
0.8300143428209816 0.9110512295260798
2.203664037255377 1.4844743302783572
0.4062228679170552 0.6373561546867302
2.8135889325994796 1.6773756086814544
2.479989979697148 1.5747983933498115
2.6729780538981367 1.6349244795702758
0.3682619282958961 0.606845885127267
2.737228164283188 1.6544570602717945
3.331626643820931 1.8252744023354217
3.9236258289079022 1.980814435758156
3.2972713771135918 1.815839028414576
1.2059340128579357 1.0981502687965503
0.13560612869356437 0.36824737431998666
3.676094666891577 1.9173144413193097
0.1920024464065171 0.4381808375619786
0.17189358189198733 0.41460050879369087
2.8018039581946184 1.673859001885947
3.2289027560694787 1.796914788204905
3.2911306948380323 1.8141473740680585
2.563531462990854 1.6011032018551627
1.8378369895403686 1.355668465938619
3.3857389336753365 1.8400377533288106
3.7036734958301754 1.9244930490469887
2.7055171643477363 1.6448456354162042
2.072272328562637 1.439538929158443
3.734127524797986 1.932389071796357
1.4020075787633468 1.1840640095718418
1.16094680961488 1.0774724171016536
3.12432384840493 1.7675756980692312
1.2351388434499708 1.111368005410436
1.0441279331747588 1.021825784160274
3.1889038491732364 1.7857502202640874
2.192173973653632 1.480599194128388
3.7630170656198714 1.9398497533623245
0.21352815059948016 0.4620910631028046
1.2607999141930026 1.122853469600109
1.484790957423734 1.2185199864687217
0.4902341994567956 0.700167265342215
1.0352696021207897 1.0174819910547752
0.950901179205184 0.9751416200763785
2.615694077727556 1.6173107548419865
3.4406327763065083 1.8548942763150973
3.167746915905954 1.7798165399574064
2.4552669815394115 1.5669291565158303
3.27388493730838 1.8093880007638992
0.043850684096475856 0.20940554934498717
3.747537452310213 1.935855741606335
0.48554246466716 0.6968087719504972
1.8680329066628194 1.3667600033154392
3.977242483762824 1.9943025055800396
0.12833038454913304 0.3582323052840615
0.6128134169564818 0.7828240012649599
1.7181143266482901 1.3107686014885656
0.07142250497906621 0.2672498923836382
1.0388957625153559 1.019262361963472
0.8317589796289266 0.9120082124788825
2.7307973206491276 1.652512426776007
3.3863452105937473 1.8402024917366424
1.953732049774926 1.3977596537942159
3.2634009879065853 1.8064885795118066
2.9142481846444794 1.7071169217849371
0.08447063826799717 0.2906383289726205
2.8519953265560947 1.6887851629369837
2.9567682533336326 1.719525589612912
1.858682176837465 1.3633349466794522
3.2355786078995386 1.7987714162448598
0.7273792402132195 0.8528653118829606
3.430168418274132 1.8520713858472442
0.051600695787500594 0.2271578653436869
1.1384617712612548 1.0669872404397602
3.8997899306910964 1.9747885787321884
0.6324653914747804 0.7952769275383138
3.0877610842708236 1.7572026303960575
1.0357720134199897 1.0177288506375308
1.2473221485992347 1.1168357751250784
0.1493537290796123 0.38646310183458954
1.0612665673005974 1.0301779299230776
1.0412826000111712 1.0204325553465898
0.3689428282719329 0.607406641609995
3.446421124396304 1.8564539111963712
0.34821859717684456 0.5901004975229597
3.910182774397467 1.9774182092813515
2.5321268650857456 1.5912658059185918
3.117953570778355 1.7657727970433668
1.8664759355420668 1.3661902999004447
2.650396629672019 1.6280038788872768
2.016996727396683 1.4202100997375997
2.624511470193337 1.6200344040153398
3.597449115037168 1.8966942597680756
0.6371075506878272 0.7981901720065383
1.813908820573547 1.3468143229760912
1.0115063743468755 1.0057367321256967
0.4695928730288923 0.6852684678495664
1.23385783208413 1.1107915340351358
2.29020477896437 1.5133422544039303
1.7217229818039903 1.3121444210924307
3.6963241909643525 1.92258268767935
2.517098222208095 1.5865365492821446
3.2323616326499254 1.7978769792869382
3.4265839788552457 1.8511034489879936
1.478722496181935 1.2160273418726797
0.4910973630271558 0.7007833923739601
2.201652808312897 1.4837967543814405
3.7750485436360224 1.9429484150733447
2.353012823482496 1.5339533315855787
2.3345628976875776 1.5279276480539181
2.1925463604611393 1.4807249442287178
1.5873868774847626 1.259915424734836
2.299132806368028 1.5162891565819587
3.343991150108957 1.8286582923304608
3.500026720258959 1.8708358346629346
0.3215409198450785 0.567045782847451
2.121388494203246 1.4564987106768224
3.5147590376828672 1.8747690624935294
0.4604471652469089 0.6785625728309136
2.1413473919494894 1.4633343404531616
3.9293470469264933 1.98225806769111
3.718922197662008 1.9284507247171259
2.2141937575144643 1.4880167195009821
2.233031494533469 1.4943331270280629
1.2818070510063455 1.1321691794985171
2.580959493957596 1.6065364900796981
2.6168623894702554 1.6176719041481358
2.145781553082562 1.4648486451106688
2.329848284258561 1.5263840552949186
0.24957767755419358 0.4995774990471384
1.0530764590772956 1.0261951369390208
2.581394038518425 1.6066717270551645
0.37798439264698436 0.6148043531457665
0.9692150492015661 0.9844872011364932
2.394831497947396 1.5475243125545382
2.657630087696561 1.6302239378982757
3.8945577361568158 1.9734633860694795
3.370704034256974 1.8359477210032356
2.210999376504331 1.4869429634334772
0.06412208261586327 0.25322338481242856
2.8650682400625063 1.692651245845554
1.1571777819454852 1.0757219817152968
2.4237925690031847 1.5568534192412542
