1 1 0 1040
x1 f
0.6196255408330869 1.480201453443216
-0.5716301026098882 -0.38591731239473104
0.5623147848418348 1.2125174523720366
0.9422222325861334 4.197271950188814
0.22866567470371124 0.29626934788924153
0.4977620338461741 0.9608034786017896
-0.3587632688167022 -0.26560591883686674
0.6568658731259573 1.6802150478030047
-0.2879439300667599 -0.22401122247454006
0.05364823069650004 0.05668949812874301
0.6833412388276963 1.8364341165845928
0.7178407917476812 2.0591734052469084
-0.12548442221047051 -0.1114971686817777
-0.7520604463179725 -0.5325118254522484
0.7291276319714504 2.137077554693387
-0.44927493855641365 -0.3156742300184274
-0.44482305152752155 -0.31323550342410494
-0.32104559570140534 -0.2438527193180161
0.8125924884611786 2.7997581073706472
-0.539409546342136 -0.3664016723814274
0.7037214043729563 1.965276745524248
-0.867810286701751 -0.6932873053156966
-0.7301105568974338 -0.5095526104770887
-0.8440090800505264 -0.6537320203266348
-0.8658876168995158 -0.6899451161807347
0.3902692842504649 0.6342733402463805
0.799305653137788 2.6833034628610255
0.44682968953031055 0.7933737548949633
0.5881051087065006 1.327355377516997
0.5993992677533786 1.3804838590173012
0.034549734450497915 0.035786134182659815
-0.5998404689198067 -0.4040540917139532
-0.7962547518708205 -0.5851736444634488
-0.043948796268823864 -0.04209861980941623
0.8946433626659229 3.6248352290050803
-0.7334167989638183 -0.5128893575429817
0.6728002435442197 1.772769105491848
0.47920019077328235 0.8968731565146073
0.7826496446788338 2.543455216136956
-0.4489115548391074 -0.3154751137530113
0.5129181215189349 1.0156588711403742
0.09952267224774958 0.11052105087003469
-0.7529200215574283 -0.5334509349434902
-0.7036526832723615 -0.4842733013738734
-0.6236107157411175 -0.42031307361572967
-0.6037284128414075 -0.4066469013873253
-0.9489657929103557 -0.8616206811066092
-0.3893824517869171 -0.2827644011394661
0.5546012658292743 1.1798457236302495
0.5177422328033654 1.0336404013843588
-0.42122051300016117 -0.3003094488506397
0.24170706453707202 0.31848860543630725
0.7319521845733818 2.156978800122965
-0.6000281769112934 -0.40417871010429873
-0.8988880641287136 -0.7511773426863803
-0.3661348729906877 -0.2697712608743863
0.6033415498308912 1.399452470071472
-0.15208649892181292 -0.13202035960756311
0.7997876400042652 2.6874508635712955
0.8093905415897737 2.7712876558053923
-0.04435143544745279 -0.04246792942791985
0.8116059537882865 2.7909584290542426
0.607727562021706 1.4208188939997513
0.27073896961493316 0.37071107892485516
0.836651176071272 3.0222007959272084
0.30962582575703146 0.4472136148857101
0.7776970255301661 2.5031493513455523
-0.539539706874198 -0.36647841901874834
0.9356984342729076 4.114283809030986
0.2594041632183932 0.34985272388735844
-0.5959992542686638 -0.4015161692401113
0.004717214579307516 0.004739572158180748
0.9166060069569824 3.879767902195702
0.5420627537208602 1.1283076562790313
-0.15067091779203245 -0.1309519648169457
-0.6042794351087728 -0.4070163688540811
0.6867412413260281 1.8573950834071127
-0.30239974258841307 -0.2327737238570053
0.1160481661261028 0.13128059607613318
-0.9444542692567175 -0.8507126875721378
-0.7796925805856707 -0.5643447484267867
-0.33905839004595006 -0.2543411882524815
0.6971122400266454 1.9226443689985486
0.4198721071191627 0.7143133462740907
-0.7859408628460163 -0.5720401111767514
-0.0847432506418846 -0.07812320653518667
0.786001447888413 2.5710616480337274
0.01568784242816479 0.015937873257562872
0.18193404836374527 0.2223510015490159
0.6743943863136355 1.7822706808006161
-0.5913501129295164 -0.3984749187536619
0.7152870207495898 2.041901030999356
0.7395487669086416 2.2113242787575182
-0.9135874140343785 -0.7812664852781332
-0.5622405089297182 -0.38011386946476144
-0.22971858539512624 -0.18692531816989855
0.3230137036123164 0.47545695242736696
0.4814695231623243 0.9045033279362464
0.9746578514796471 4.632470596061864
0.346245838264869 0.5269912923994389
0.8094851372475624 2.7721250310207255
-0.3550662258249737 -0.2635074414627215
-0.9203114438864333 -0.7956517128272849
0.5921436363735002 1.3461483901524338
0.45146086839212396 0.807588768180703
0.2074134808076291 0.2615914551168472
0.5536030311074576 1.1756719742944808
0.713437487554176 2.0294722307067996
0.9633885368462265 4.476910641962875
-0.5514139141405678 -0.37354587545534557
0.12820762206157776 0.14705701068556093
0.7005273588995136 1.9445701446635895
-0.7345898121988843 -0.5140832321481055
0.8487436995285158 3.1398785488222036
-0.22941240742891322 -0.18672187396678047
0.011816857503996525 0.011958165438266966
-0.7950620926426266 -0.5836268046361124
-0.5604025600742168 -0.3789898937136673
0.22180372880279964 0.28486985105576035
-0.3865634991656406 -0.28119899312957036
0.24504484469950993 0.3242952051435123
-0.6533084358190182 -0.44218009584405443
-0.2080321721797025 -0.17227457394930729
0.6511788345873999 1.648224352784188
0.17913380205320806 0.21818508373492096
-0.6581507861814355 -0.4459334703035335
-0.9937038872984911 -0.9813477672911525
0.757840749199427 2.3472259518020913
0.09074500725023094 0.09980088048495256
-0.13565998944296154 -0.1194602468155376
0.013753789580778664 0.013945594344198516
-0.15391433089117523 -0.13339606012522573
-0.9490163584803071 -0.8617440835154935
-0.6787059751041615 -0.4625288587544787
0.6288631169266581 1.5277746955043137
0.8951898452253892 3.63099208674332
-0.6506174430950693 -0.44011845804049854
-0.580421442176672 -0.391450273865078
0.5643087077446056 1.2210854411065861
-0.11867274372331593 -0.1060860181085628
-0.38757696211905035 -0.28176206951705335
-0.5366153824667341 -0.3647577207779295
0.012860955893999604 0.013028515046856315
-0.6441888817860115 -0.43526116618318605
0.49592646677398533 0.9543247838560497
-0.4248116337946384 -0.3022778106495983
0.010197684554620334 0.0103027487351422
-0.14060035266110016 -0.12327549933533691
0.18100586763264315 0.22096702749435654
-0.2618939038008836 -0.20779605033762072
0.843989268454199 3.093130002731526
-0.3397468740207348 -0.25473826239388975
0.48129835588063674 0.9039260389117572
-0.037321415585575224 -0.03597864434997796
0.41262753550518005 0.694094215646399
-0.6596115255706356 -0.4470769176017045
0.3787148436280128 0.6048180724780918
0.7341233091644119 2.172388115689004
-0.5478277710278951 -0.3713972030731675
0.988203090186943 4.825805184280698
-0.5027989585128778 -0.34532640568918604
-0.643498337347922 -0.4347449636939282
0.6907159497013118 1.882166830647614
0.16479188783319043 0.19728240000964717
-0.33216472281463516 -0.2503503180604868
-0.7086937144294017 -0.4889035269497721
0.19772032308328313 0.2463736560993267
-0.11004720219299968 -0.0991390078752147
-0.4724737967846493 -0.32842549442964675
0.692378253518438 1.8926131834376607
0.5524047243615697 1.17067800403023
0.7509454165063574 2.2951456383472264
-0.5153478538991889 -0.3524475639879753
0.043580542027063185 0.045566341015688544
-0.9457155283222309 -0.8537419115464925
-0.9640556469681483 -0.8996004571614751
-0.532945984627043 -0.36260892313848614
0.33418158953018895 0.499819115672351
0.27573893395989524 0.3801107319415527
-0.1711943541831058 -0.14619224099512484
0.4739071577777767 0.8792725437876724
-0.29520798886268906 -0.2284342400752178
-0.923640171878815 -0.8029221689426764
-0.7932119116877203 -0.581241905519516
-0.010197384223983308 -0.010094447267789353
0.17669973266372763 0.2145867087939318
-0.7450480075000607 -0.5249661317366027
0.8156992161068415 2.827632077553309
-0.8469098288822743 -0.658346705827715
-0.3269242659042022 -0.24729759063636816
0.6837946900623668 1.839217511579782
0.8358940054190647 3.014965680163068
-0.19839078555241985 -0.16559853408433078
0.43753194898832604 0.7654060497338641
0.8735751874093605 3.3944828024227753
-0.15566819261263665 -0.13471204228364186
-0.5285614532938294 -0.36005572261775126
0.8862525294359105 3.531467264945587
-0.7552820546008201 -0.5360477378388382
0.3731064613627053 0.5908638709646842
-0.6918499845644002 -0.473751156126158
0.5624381551684752 1.213046109641787
-0.8892722144579586 -0.7324619902186863
-0.3594767857268877 -0.2660101729109404
0.28987456914438203 0.40736646685816946
0.2135141580451878 0.2713582379212871
-0.43233825510699364 -0.3064001724177018
0.2574309550036207 0.3462841721515222
0.6136367193838685 1.450049085307864
-0.49829485854576516 -0.3427915773849366
0.5111056880276692 1.0089691161584347
-0.9856150558876147 -0.9580660616293406
0.16338550978568356 0.1952709265730225
0.8979430593639428 3.662153318819125
0.08966938812612879 0.0985014313721515
0.7312956864770053 2.1523385832623445
-0.29589454701097173 -0.2288501800221626
-0.7711127012519916 -0.5540859861602287
0.7942212575545249 2.639901063291105
0.7405665538699657 2.218697376737352
-0.804895693416706 -0.5966070436019253
0.6375813807232524 1.5738855840162265
-0.8190191834522804 -0.6161840469649933
0.1478352627531021 0.1734697730000842
-0.3037072684569204 -0.2335585797863307
0.08436007702628134 0.09213197729690682
0.37069873548816346 0.5849405052679001
-0.5613233724485918 -0.3795525308635045
0.35964694882362447 0.5582591401122888
-0.39782035236552216 -0.2874362540694234
0.21427116811258973 0.2725805394082407
-0.38496157240538675 -0.2803082988227151
-0.435595091368709 -0.30818321098458645
-0.7098569417353802 -0.48998393797975265
-0.8407320486188039 -0.6485848913945838
0.8229655004814609 2.8937993797423474
0.8607275377422983 3.2605328204753468
-0.6394630128960099 -0.4317494555319916
0.11844866055092163 0.1343607496493762
0.12759898360834643 0.1462568992843061
0.05728748588207977 0.06076873880070715
0.2847210349230036 0.3973111280021485
-0.390647582394277 -0.2834661589002835
0.06891624525760243 0.07401712012695931
0.4769894874168339 0.889488802774832
0.7484321932899629 2.2764213709375367
-0.12059186834242741 -0.10761718623487003
0.13739957451522944 0.15927750792597123
-0.5087296199692364 -0.34868046943828235
0.19063801234758748 0.2354817912283948
-0.395147055042516 -0.2859582345143895
0.29330439805052566 0.4141354941872869
-0.24696978700527628 -0.19823792400963658
-0.8616559656868616 -0.6826824334701226
0.0660014987684765 0.07066544112890755
-0.8333170624005042 -0.6371924591856879
-0.5332420158156854 -0.3627818642518159
-0.18515853613968658 -0.1562650282963247
0.5320184671715427 1.0883822444066857
0.8509395557570743 3.1616825302807117
-0.6228931968198541 -0.4198073133398339
-0.9620719570487328 -0.894473362755712
0.7089469478423884 1.9995750245514914
-0.1871862592925726 -0.15770842628182014
-0.6698670972520278 -0.45525651283605595
0.21521344348548155 0.27410520810104577
-0.8556088597682214 -0.6725226393606638
0.22569627552189253 0.2913121741424173
-0.5522091576982171 -0.3740241003826705
-0.5741661954133386 -0.3875032109900401
-0.9143435657818395 -0.7828643187303763
-0.5563125463414387 -0.37650209246550065
0.30370858566264913 0.43505321103024497
-0.24751861127941654 -0.19859308415674737
0.8162443978329301 2.83254908126095
-0.744843398380167 -0.5247490122394982
0.9991955750377897 4.987946559751609
-0.43317986448334667 -0.30686095681372905
0.5954369878265613 1.3616416284393555
-0.42487338832245514 -0.30231164919627274
-0.6398491509902697 -0.4320345568443477
-0.16120691377702823 -0.13884215023945054
0.2516900869786176 0.3360050030633852
-0.5353342112304211 -0.36400618615614627
-0.9657107555100652 -0.9039100528253147
-0.5475443786449028 -0.37122794629967953
0.3555588290840792 0.5485966737566492
0.9958040246415578 4.937411387537812
0.5048072378583328 0.9859977228168402
0.6861788964669333 1.8539137217962924
0.3089415070247845 0.4457973300746419
-0.5202917941354175 -0.3552798641141103
0.4820904574712048 0.9065999646402646
-0.4688313172825538 -0.32641645398536556
-0.22973044935532894 -0.18693319943221623
-0.5723686765452718 -0.3863783312537512
-0.5940657411364494 -0.4002473671796756
-0.1344368824305795 -0.11851059148968444
0.6008086642982915 1.3872397790590227
0.8018639954868942 2.7053831983880516
-0.48198443621014575 -0.3336887709028052
-0.5072072392629661 -0.3478176237891024
-0.833849604298617 -0.6379990890349392
-0.09532658762604229 -0.08703097239508137
-0.764847556468724 -0.5468125241420092
0.794367130115113 2.6411374767960654
-0.08505186718545499 -0.07838541943485414
0.5248546016356708 1.0606235041709606
-0.7716710667294078 -0.5547430122109395
0.5049595688039237 0.9865482728854916
-0.08404106623893193 -0.07752604692391224
0.11667286190699411 0.13208055594099738
0.0502976314861634 0.05296145083163552
-0.599272097231899 -0.4036770955880117
-0.32964824790275404 -0.24888648467634517
0.32825363451585177 0.48679479556521876
0.7903058425608096 2.606907078582701
0.23500710379331502 0.30698147547265087
-0.5671364432451789 -0.3831268187526247
0.23843115696928519 0.3128376771341619
0.19393153013587106 0.24052340460815436
0.8592639517787122 3.2455779740730892
-0.9079289010246048 -0.7694665911999233
0.8086402176506395 2.764653695959919
-0.9348397950019041 -0.8281288090346933
0.7385090073232117 2.2038145649153345
0.26901273116663527 0.3674944072856948
0.2940530320720769 0.4156212393742993
-0.12211695613905582 -0.10883025319803898
0.9297927627688309 4.040425801339433
0.8721006662115569 3.378862992848446
-0.4517873134498953 -0.31705122087619886
0.3747992850717312 0.5950525658025434
-0.5386266646319766 -0.3659403764193969
0.41196441370224934 0.692264412386731
-0.21046194806598595 -0.17394090971007753
-0.7548273114248272 -0.5355459391106476
0.3155622468362429 0.45961054379238625
0.649420738052215 1.638443227290726
0.04021707306833111 0.04190225488351708
0.8404002079569382 3.0582542916653717
0.9956965875209323 4.935818006603001
-0.34842666853207693 -0.25972187854271317
0.13767571160530112 0.15964864205634843
-0.6015415188433566 -0.4051854776063445
-0.3754249405363306 -0.27498760921981963
0.8195227005481063 2.862278028511134
-0.862468233252516 -0.6840666412619648
0.12268976513425489 0.13984375139777744
0.820250157292667 2.868912672625811
-0.4948563376918962 -0.3408631011827246
-0.562967242325958 -0.38055934813875125
0.6214456759030464 1.4894721813233838
0.6826370806657291 1.8321191902373986
0.4977833730183372 0.960879002095051
0.4942165078430978 0.9483208552242546
-0.09698961509502002 -0.08841510092481109
-0.8577881548687527 -0.6761547707448843
-0.08015094843973714 -0.07420371539858958
-0.4144376421096416 -0.2965876185218673
0.33956327235158534 0.5118284937241802
-0.5709464561456219 -0.3854911843963177
-0.6818807101451461 -0.4651936553243818
-0.0071978833337342785 -0.0071464440632549794
-0.6609002676361624 -0.44809011344528704
-0.6177326915145254 -0.4161985325874495
-0.7271349085263761 -0.5065847440797795
0.08166447108959152 0.08892629316815748
0.7110767344527609 2.013705665967308
-0.7261826119637287 -0.5056418971357436
-0.7249681365341323 -0.5044443229711282
-0.09326919804470513 -0.08531279992156185
0.2316357227302237 0.3012649904009325
0.9574619843621188 4.396984349909948
0.21886164820550724 0.2800422518824328
-0.6924404768518748 -0.47426730015313284
-0.21595589698986384 -0.177685171909148
0.9325575179735459 4.074853854230757
0.949485585717444 4.291423176032523
-0.8566680294008688 -0.6742838111346692
-0.1927968971119205 -0.16167736070496316
-0.4473672260163484 -0.3146290183694137
0.8671007209220745 3.3263760053689735
-0.6800942476218528 -0.4636906398024333
-0.2473593875445519 -0.1984900752415027
-0.7354209614977876 -0.5149323759880601
0.5906562076092658 1.3392004888366753
-0.11083609177511988 -0.09977884811242976
-0.3594277548313911 -0.26598240128879913
0.42990402805579486 0.743017222261521
-0.3833601010706629 -0.27941701747392583
-0.11472205125993229 -0.10291743206282294
0.5405127884809926 1.1220688100331115
0.21597946750518604 0.27534733659619615
0.20719871162079606 0.26125031340564536
-0.3457367897095327 -0.2581817901871126
0.007365370092909274 0.007420021295689647
-0.2745392708266472 -0.21573870463713085
0.8018402013304682 2.705177095949069
-0.3383483600679935 -0.2539314068969901
-0.4921662026398175 -0.33935811557858947
0.8396653657802879 3.051157280373474
-0.7722363642348868 -0.5554096798095827
-0.6481708082344728 -0.43825869524325045
-0.6723420986587121 -0.45727152074244126
-0.7101080308997714 -0.49021774746391
-0.7036339457956289 -0.48425624634134556
-0.6892201446857529 -0.47146521671395136
0.6589566621030478 1.6921121741779568
-0.6270419866712231 -0.4227454832828201
-0.1379907354322698 -0.12126429075071575
0.4911930087021379 0.937778563720735
0.6794466113447326 1.8126805779745991
0.7901559562237359 2.605651402176509
0.8444731335582099 3.097858990231299
-0.7956111090793496 -0.5843379331607131
-0.1988314265006932 -0.1659059071711701
-0.2505525859746731 -0.20055132840106707
-0.4968965203107787 -0.3420066558730735
-0.40645165023266383 -0.29219658635940027
0.7055146167347346 1.9769873736623438
0.9916247072846911 4.875764736972916
0.3635917475477064 0.5676880563590279
0.8773908147992675 3.4352029271941094
-0.8830322049294406 -0.7207102052857128
0.6660836639150645 1.7332239977736192
0.4998718700881959 0.9682936233683194
-0.4830801551133397 -0.3342970133386458
-0.23637748480775467 -0.19132661660767353
-0.138842765306175 -0.12192194855285915
0.9168885420480428 3.883149332610903
-0.4307448075815028 -0.3055276868766055
0.7837442843335434 2.5524416779274888
-0.6051624095500521 -0.4076094644207232
-0.2653913337292009 -0.2100067581085509
0.25899522573647826 0.34911165617137996
-0.2976026149601414 -0.22988343932635785
-0.048657860240236994 -0.04640014189235154
0.9100394906907292 3.80191669067532
0.5011617390971261 0.9728957897615688
-0.5019960722991341 -0.3448737986977026
0.8440035539012269 3.0932695268075387
-0.0025774215112404075 -0.0025707954876498323
-0.4756403591160763 -0.3301748873948648
-0.839280815745336 -0.6463276661147299
0.7451779007080466 2.252378461569087
-0.5320345803655913 -0.362076929968957
-0.8206270733875209 -0.6184854203722399
0.6252716855787441 1.509123784518323
-0.32737727409162165 -0.24756214708284244
-0.9684242838877302 -0.9110385789692673
-0.9619371133311367 -0.8941263419095514
0.0673681438980469 0.07223434410414428
0.3963151722375835 0.6500750054885556
-0.8814943461011975 -0.7178603823314179
-0.32109036635956145 -0.2438790382637189
-0.8137186712379298 -0.6087039778788295
0.4582459982577072 0.8287643465393758
-0.13124405243300385 -0.11602196963612216
0.3800537581470451 0.6081821933633564
-0.28755294712481305 -0.22377198868138704
0.4870038646527701 0.9233260171261255
-0.6743610349647586 -0.45892740879322336
0.4494246663919559 0.8013152237683182
0.3393116186952201 0.5112629421738063
0.726187756001613 2.1165375070719916
-0.20899208799615976 -0.17293364926950358
-0.4066965283858055 -0.2923314047699991
-0.7952036127976736 -0.5838099613246684
-0.8311759950627153 -0.6339672486774434
0.4152572327861772 0.7013849243441526
-0.7993244294632771 -0.5891894687372496
-0.9288097986171122 -0.814413010378353
0.05277215826434145 0.05571218912745245
0.49239068351549053 0.9419433823858232
-0.8287466581692584 -0.6303421022536734
0.8858162884040615 3.5266724688507827
0.27713830230208525 0.3827636995713222
0.10507536564539266 0.11741102628591203
-0.08535273875005944 -0.07864090847235652
-0.8690140956046759 -0.6953935059733852
-0.8015643261256531 -0.5921514848532949
-0.8971171987318827 -0.7476744438884405
-0.12214549357757298 -0.1088529208063369
-0.573690443133569 -0.3872050892948496
-0.9001243827209435 -0.7536381452429896
0.3441761034312405 0.5222650491781293
-0.4959020063536317 -0.34144897415397496
-0.8473986412714378 -0.6591298058894332
0.29323066894592964 0.4139893315070532
-0.12195514065123603 -0.10870169962106041
-0.15453612468672984 -0.13386306541305854
0.5954904084630348 1.3618941923254875
-0.700072726097607 -0.4810353528095379
-0.9620028927353301 -0.8942956016811093
0.28950238511350435 0.4066356501702483
0.9171845058533199 3.886694305847665
0.31318400694016146 0.4546201448410231
-0.6888231072962447 -0.4711218998295208
-0.7887971675711798 -0.5756227523532085
0.04289185319226907 0.04481400258555688
-0.2745765376682743 -0.21576190904622586
-0.8997105607145939 -0.7528130592030818
0.1397907575075259 0.16249917849765466
0.07108304810380828 0.07652236182875473
-0.8418669294026053 -0.6503595246719424
0.6563881539084151 1.6775070176763527
-0.8823906320200265 -0.7195190887839754
0.5704685887149099 1.2478775979167516
0.5962275504374621 1.365383374090651
-0.7360498614407669 -0.5155766712358001
0.30097517420924147 0.42950096913286107
0.5619058747747361 1.2107666059810007
0.9687379358095993 4.550162777278894
0.9882923002540909 4.827101949330656
0.603496969840462 1.4002048484625804
-0.65250267366485 -0.44156099128482873
-0.06619020922457275 -0.06208113031372754
-0.15455669680405726 -0.13387850783619273
-0.3649405308372813 -0.2690980370164846
0.2225067902097655 0.2860287805318927
0.4892586159314538 0.9310827804787534
0.33068849994328353 0.49211881247701006
-0.34956586867881434 -0.2603729865860852
0.4736801100319803 0.8785236460119527
-0.3960440541445063 -0.28645437828218756
-0.5308677671079935 -0.36139683067436845
0.2498761049973206 0.33278861143317123
-0.9372243156612299 -0.8336471115444923
-0.8635394560000016 -0.6858992863978436
-0.07774450126981547 -0.07213650544065577
0.2000448204631342 0.24998992377972537
-0.36444440088743346 -0.26881819718189204
0.07540488732849271 0.08155429600837683
0.6317853057825353 1.5430974670705115
0.7512734671424612 2.297599827177945
0.019503222617248683 0.019891164369019037
0.2071550371311388 0.26118096259097584
-0.7645364515938937 -0.5464560176641895
-0.8677664897607582 -0.6932108757224624
0.6972557322844035 1.9235611943137547
0.3181034287578901 0.4649785935620312
0.2733339823098646 0.3755741303039187
-0.1332040242043362 -0.11755130356007226
-0.08368836574153171 -0.07722580765616775
0.31108210675614334 0.45023631302249
0.40504724416852156 0.6733832041981139
0.36191940311079285 0.5636780875967726
0.7821644083896644 2.5394807250878424
0.32194683462367224 0.47316834906933425
0.4665582723135959 0.8552838163966067
0.7165918038456767 2.050709752947787
-0.014151785704348274 -0.01395430734517949
-0.4074523247894215 -0.2927474358145895
-0.595343338972478 -0.40108510345938775
0.03408543587926616 0.03528824968288143
-0.8480132453617195 -0.6601166811275468
-0.28669777212385394 -0.22324830404141777
0.47122306594374974 0.8704510726611017
-0.3180799326553432 -0.24210640474436984
-0.6220143866065966 -0.4191892057767634
-0.2585664848550968 -0.20568267492892373
-0.3845918058057509 -0.28010258471006005
0.06689461837033273 0.07169021857471225
-0.6124233280886826 -0.4125368273436416
-0.7081202223676084 -0.488372531977195
0.28573864937237237 0.3992857512343949
-0.6516965181017202 -0.4409431191660207
0.9775431012296036 4.673064405410788
-0.8902228042697633 -0.73427907589485
0.16568836553422428 0.19856809984540216
0.9841952176658582 4.767865242847963
-0.5941480879157195 -0.400301287739036
0.6338789912099161 1.5541578776384193
0.7580194264008993 2.3485894090174786
-0.5175151847856325 -0.3536871896945902
0.6771789936286032 1.7989754402679325
-0.31501636159219615 -0.2402963225725103
0.2333440236553277 0.3041554522417289
0.7369497255537465 2.1925951735317253
0.15219622056562043 0.17950355451191524
0.8056641176436832 2.7384805053223404
0.46050616665176913 0.8359115871233108
0.6029324027344278 1.3974734754880653
-0.5096856204021583 -0.3492229905030479
0.822043160414009 2.8853243256086833
-0.3613881674952437 -0.2670919351435985
0.1198117036018087 0.13611717641614632
-0.23589138967800483 -0.19100682033521196
0.2014601117202881 0.25220187443938996
-0.20997900562865035 -0.17361021913556815
-0.6682783887784411 -0.45397163333666884
-0.265562511588572 -0.21011468142873987
0.24210886312794644 0.3191849715558957
-0.10567964042135136 -0.0955801568083129
-0.8125509602299021 -0.6070778174165533
-0.8829771862637235 -0.7206079356904399
0.4636948716993021 0.8460756368321654
0.35004734444961816 0.5357430012399258
-0.45424975826285086 -0.31840149255953865
0.8536511849287793 3.1887951005188526
-0.5020587489477191 -0.3449091190107312
-0.16121634500641258 -0.13884914974386176
-0.42184382708744406 -0.30065118970937615
0.10309078035219188 0.11493870027569551
-0.6673707187579507 -0.4532405207228524
-0.12886358757674832 -0.11415743062970278
0.5241466753872606 1.0579122388243098
-0.9220944931373254 -0.7995337559384911
0.19732443295862523 0.24575981800543886
-0.7802570266011881 -0.5650320305449172
0.004338974074297619 0.004357882814843379
-0.28843438619162676 -0.22431115101415683
-0.6940970939952176 -0.47572100680260504
-0.7223483223845797 -0.5018793200266816
-0.02538786269310478 -0.024759277815315974
0.7677418349539855 2.4238548963404725
0.20747010006960287 0.26168142002699735
0.5651323913127375 1.224639688693519
-0.1293702064852711 -0.11455490319908003
0.9104823490531879 3.807122848126597
-0.7162523589037373 -0.4960062092551078
0.11347466023112918 0.12799693383045066
-0.5723966786314938 -0.38639582361401437
0.45612715341089016 0.8221066668992291
0.7175663290175287 2.0573108775211546
-0.17710746248300113 -0.15048611101579373
-0.41836757749232834 -0.29874473116615985
0.655988435739441 1.6752440894564729
0.16637079361211593 0.1995486556291638
0.7355383235348281 2.182483723142786
-0.5375129541604424 -0.36528507040946306
-0.07528107182774102 -0.07001076817799601
0.13526430314313198 0.15641562934435008
-0.8212250955484666 -0.6193452522608787
-0.8112725264104588 -0.6053063467592372
-0.22591627067201903 -0.18439205439701023
-0.019614433261256226 -0.019237108340516475
-0.8986032078235675 -0.7506121407761529
-0.5596154682543077 -0.3785097117476607
-0.47984914748678786 -0.33250463008855446
0.8663899375478252 3.3189741494941183
-0.3959720138258813 -0.28641453958059493
0.05639262010560797 0.05976276695781686
-0.16102207165843874 -0.13870494471591943
-0.19182432184545917 -0.16099196872267058
0.8305128296683122 2.9639915955839617
-0.7033424777747141 -0.48399109608607804
-0.21841222041214414 -0.1793488071556073
0.7158593489540692 2.045760729430295
-0.37181724235866165 -0.2729660340668519
-0.7262801110537445 -0.5057382747700715
0.0631914079333753 0.06745384787944533
0.36950797190512197 0.5820258349224932
-0.10398637843368363 -0.09419286758429067
-0.841531737364412 -0.649834512346944
-0.983466471720462 -0.9520082212132307
0.8808338017878821 3.4723211494472164
-0.777397478902905 -0.5615660938762914
0.06204096026475914 0.06614457626690552
0.8100498170590671 2.7771283795473005
0.521387778468694 1.0474000518412065
-0.598732920013969 -0.4033199388123501
0.17957442525301048 0.2188387322432216
-0.8742041550464701 -0.7045955246968252
0.869560095612528 3.3521013381967455
-0.03475118428609503 -0.033584098839478306
-0.44336080898301566 -0.31243476091716527
0.8792656311887652 3.455370677427008
0.6225566805254081 1.495155676236374
-0.06946513927613407 -0.06495326409657039
-0.08638832883280756 -0.07951921259883152
0.26854577444661265 0.3666267787397705
0.5311418372396033 1.0849537498316628
0.3884446336864107 0.6295574777074314
0.06793512015622882 0.07288658045432497
-0.7990995736447954 -0.5888936070041726
0.6846392433129627 1.8444115157679948
0.8769304729036769 3.430267092293411
-0.6260939444686917 -0.4220711214671857
-0.4161805387802824 -0.29754454610415626
0.10230557692238929 0.11396353562509501
-0.2325428808151322 -0.18879749816463498
0.08752035918304135 0.09591436986194639
0.35723088400019765 0.5525353402043398
-0.8670677387750971 -0.6919933688820417
-0.29555509431536486 -0.22864457288624218
-0.06027999578614507 -0.056852948281019305
-0.09787163568673418 -0.08914750268484861
0.1817351155934146 0.22205411919832824
0.4267958868717061 0.734035085276479
-0.1750483201560029 -0.1489956520689988
-0.6193450571763968 -0.41732071271644394
-0.3897325355505943 -0.28295863771963886
-0.21581607059971253 -0.17759027701301897
-0.5604688263878788 -0.37903035228799464
0.9982286885127731 4.973492995274814
-0.8778403719717565 -0.7111616452874678
-0.33457811780449 -0.25175063132592046
-0.43073756048044465 -0.3055237185246144
-0.8046985800324085 -0.5963417282022795
0.8082359980979046 2.761085703841908
0.29413196998333113 0.4157780735211764
0.8513841652180345 3.1661138069588404
0.5386180638454163 1.1144810986220208
-0.7342278480206348 -0.5137142655955298
0.8549990764651489 3.202349526652476
-0.8190865164461045 -0.6162801163929144
0.6562636438678411 1.6768018407302523
0.2281048321860819 0.29533021510526536
0.32729229403873616 0.4847025140724173
0.7240920195640759 2.1020026462768664
-0.4844263004548637 -0.3350448504872935
0.6664127909885231 1.7351435618852449
-0.7922770743120771 -0.5800436589177345
0.40959822201278584 0.6857634811020694
-0.8416428859477163 -0.6500085241040079
0.2983493857875994 0.4242056047585939
0.8515926848908442 3.1681939705959254
-0.17736737551880344 -0.15067387949288616
-0.07451166584604763 -0.06934483761519482
0.6681524931196297 1.7453210852374563
-0.4350993970052506 -0.3079118433650855
0.3913964586244396 0.63719878694087
-0.8133772919920261 -0.6082277674791896
-0.8379229537443291 -0.6442278887649343
-0.9087023835255115 -0.7710633198173807
-0.43398161290118287 -0.3072998993479269
0.6858822189143108 1.8520793753579379
0.15267943745972712 0.18017592978492591
-0.5100057106717106 -0.34940475852019803
-0.559110307125394 -0.37820188848291253
-0.0336484966108721 -0.032553134041815764
-0.32711360578674853 -0.24740818049382876
-0.1528429780575371 -0.132590239845061
-0.6694333723247594 -0.45490507469066704
0.9796392064577293 4.702753750666581
-0.7100298039107074 -0.49014488119168703
-0.5412404992517745 -0.36748264523961915
-0.8571473466049189 -0.6750833574668968
-0.5389467082406123 -0.3661288899912901
0.09608735462905504 0.10630072284087277
-0.6409810239949731 -0.43287212781588336
0.016794024740863778 0.017080881464336468
-0.9484016477973347 -0.8602456460871278
0.316713401876382 0.4620376764331606
0.6595753243555629 1.6956466550519882
0.7020088530898998 1.954150322730633
0.9870507129912771 4.809081973063094
-0.8349471501092611 -0.6396671183551265
0.8245432484359789 2.908348469692643
-0.8341276631208707 -0.638420963460585
0.853163751447914 3.183906130175981
-0.488529061619003 -0.337328254478946
0.980837740472774 4.719805213811691
0.9360374209237765 4.118559635154722
-0.016882337391781688 -0.0166020559057362
-0.04703446284188928 -0.04492160987800981
-0.4436314306764122 -0.31258294895899297
-0.022580542226207534 -0.022081920617819183
0.9016095220847602 3.704022317489178
-0.17939013276466143 -0.15213240674397888
-0.10657482277553543 -0.0963118678338891
-0.528251099942582 -0.35987557022895295
-0.6398102182827787 -0.43200579663692606
0.07557910585770866 0.08175812549437314
-0.029133130052685807 -0.028308417845406227
0.9700649224927298 4.56849843240157
0.009944956707971686 0.010044852328549656
-0.33031627838942446 -0.24927545138710072
0.8806957845322945 3.4708263280474405
-0.9520798910607808 -0.869268249206839
0.1274829906373598 0.14610454207569046
0.7678591377458499 2.4247759973056087
0.6798374538120511 1.8150520484394135
0.446262581398696 0.7916461830049395
-0.07748600130887828 -0.07191389740166887
0.4883069159791069 0.9278024832514511
-0.8409549271425969 -0.6489327539282327
-0.06761269800265679 -0.06333082555659911
-0.37902379669265795 -0.2769992956290455
0.09883263715938195 0.10967075513815164
0.6750298203798755 1.7860705443666522
-0.446193970490081 -0.313986342084022
-0.8571443714854041 -0.675078389785701
-0.10410415092626146 -0.09428949595011954
0.5283798405256597 1.074209617864731
0.6281077944682167 1.5238356534514712
0.5365781879850715 1.1063596074428401
0.6667833168626005 1.7373068113810712
-0.42454391487197096 -0.3021311097020303
0.5153582924561373 1.0247223921713822
0.651324626867626 1.6490377533889042
0.674700042317635 1.7840975984909966
0.33534974918009297 0.5024107935848738
-0.9409405649124707 -0.8423557403462312
-0.1047917842110182 -0.09485326550994815
-0.6512804328910982 -0.440624811555878
-0.9607734842850757 -0.8911396375801109
-0.9501124291306076 -0.8644252619189612
-0.8672224866338121 -0.6922626980590875
-0.33892144548116643 -0.25426217534494183
-0.08970419586040546 -0.08232024548290397
0.451275154139297 0.8070150401114751
0.9500760571699016 4.299159364543389
0.5897190142356266 1.3348385285037725
-0.5372697994722135 -0.36514214148921675
0.6720747263518174 1.7684595906877394
0.2514457519850455 0.3355708920256529
0.447367811066667 0.7950156603927108
-0.9401650851916701 -0.8405275087435293
0.8400689861979602 3.055053565348498
-0.5011333747197526 -0.3443878466006964
-0.5427723136453904 -0.3683893337809695
-0.5595030197255852 -0.3784411661540221
-0.9700820158106851 -0.9154322887092503
-0.1089218484550103 -0.09822470222319704
0.5063205048339994 0.991477923899561
-0.8383330641378088 -0.6448608364219023
-0.5146995098249301 -0.3520773282009544
-0.40502531983597945 -0.29141107363830787
-0.23666706122800485 -0.19151701453472053
0.6251004633327162 1.5082395537162978
0.9022740695289371 3.7116567715396136
-0.31638265026163004 -0.24110435709646688
-0.920410208175312 -0.7958659957554772
-0.49638779071928396 -0.341721323849869
-0.7979908241613047 -0.5874386724678253
0.8543132393425137 3.1954462963949037
0.6582483101981231 1.6880732233416957
-0.569892841986591 -0.3848355795884426
0.010845897658132264 0.010964820982722848
0.34042708038866487 0.5137727558648859
0.8468625370843825 3.1213066191566683
0.2928831807629029 0.41330084844162907
0.5537736282332735 1.1763843871754989
-0.7397462796478911 -0.5193948482779382
0.6075941382358441 1.4201648065436479
0.9800558640216135 4.70867528043239
0.1022315117207051 0.11387164003771058
-0.5335529460759831 -0.3629635867499366
0.424359142592031 0.7270493249559326
0.07450226049080055 0.0804994829292642
-0.9712013038186451 -0.9184156400470981
-0.7239726009951637 -0.5034666734683504
0.01024727088636146 0.010353364617019486
-0.26285225225892916 -0.20840289641614682
0.11706291890158971 0.13258061979211386
-0.843175210923343 -0.6524156659410365
0.6044497064974701 1.4048245870335379
0.576673584157481 1.2753662921241693
0.6536294594597563 1.6619435812436085
-0.9202860941084214 -0.7955967270183234
0.7320085899435063 2.1573778961027497
0.9450202604439271 4.23332079436574
-0.7054057419908708 -0.48587401406933917
0.8945292574923092 3.6235508612598397
0.06276382182038343 0.06696685654199017
-0.652130988276864 -0.4412759254801168
-0.39263951376043793 -0.2845701145310775
0.4338029206869054 0.7543991868317435
-0.950917371436945 -0.8664019548981579
0.6258168290013288 1.5119420246158632
0.6143892886450018 1.4538087061539668
-0.15885205537349067 -0.13709094483591613
-0.7017820316351784 -0.48257622225503194
0.4103432045757405 0.6878055100399397
0.6341739748168693 1.5557217297357486
0.9031128500169971 3.721312948194438
-0.049788215325976326 -0.04742692843298996
0.7100226029722281 2.0067007101262604
0.9403679925855031 4.173533780624714
0.287066895358826 0.4018711804436414
0.3604908472674382 0.5602675032795184
0.7501175708974359 2.288962817264158
0.2917393708162521 0.4110391091251419
0.12121861997440919 0.13793583947559174
-0.7154101749668398 -0.49520511138899515
0.33773834103953515 0.5077361364028653
0.6375539611131877 1.5737386845562442
0.6210228423857571 1.4873140394087216
-0.5929298875039584 -0.39950466197257883
0.431562857919084 0.7478441374637812
0.685835164999673 1.8517885900556355
-0.29170459470932997 -0.22630615996709344
0.7902495704953869 2.606435594506144
-0.01389088459109833 -0.01370057154018574
-0.002801266362435273 -0.0027934411895959
-0.858798633629047 -0.6778500559664618
-0.9777487734797785 -0.9361408793019074
-0.6192686056996346 -0.4172673947396868
0.4309535755189273 0.7460685390897925
0.4015740896980162 0.6640428068366754
-0.7536480244349093 -0.5342487542115482
-0.49076554323780064 -0.33857576650471605
-0.5880411186467149 -0.39632999266329705
0.4365826027008233 0.7625926057302987
-0.09529422996088566 -0.0870039996673392
-0.876165551871906 -0.7081250197886859
0.6199603334026236 1.4819029373884671
0.643241992724416 1.6044692382320132
0.7636679551329919 2.392058801749662
-0.754959002455488 -0.5356911657447518
0.6873826856938254 1.861373183188974
0.5380844726311462 1.1123519321176105
0.38516381433300273 0.6211392575125365
0.5675507345367856 1.2351253838866296
-0.5956988952121616 -0.40131869165552697
0.18453223091674475 0.2262416159137957
0.5072036603442345 0.9946875422095932
0.15816890663655236 0.18786814864639015
-0.7620392257973865 -0.5436101140112795
-0.8748931495024768 -0.7058320850859813
-0.3782711392027327 -0.27657897057048947
0.11292627162761137 0.12729967555251012
0.8056818384416169 2.738635691011902
-0.6427488948165165 -0.4341859315319678
0.46132587364255384 0.8385153860265093
0.2211017896277765 0.2837148126779892
0.3422930252316245 0.5179884958719383
0.0542046391117017 0.057311143603764304
-0.4674000924781323 -0.3256279293389933
-0.9976336206457279 -0.9929343678120781
0.4223687513394334 0.7213794904874037
0.5121077650950137 1.012663390357641
0.9666049094171987 4.520827054536742
-0.9324697304874123 -0.8226972719161431
0.7339426506030484 2.1711021824277488
-0.6141960531281367 -0.4137537774026444
-0.98545400631409 -0.9576101688659083
-0.8180514195566799 -0.6148061872336166
-0.4476936647995631 -0.31480784975658194
0.6342255959560521 1.555995539301581
-0.9760460866483789 -0.9314860971818072
-0.019876900065709524 -0.01948950910261957
0.9300911475124556 4.04412887902912
0.7851437592644419 2.563972065935097
-0.91196250703098 -0.7778497168887653
0.8395878519242226 3.050409522719653
-0.7572048276285117 -0.5381793349237242
0.2784476357500505 0.38525485983781255
0.8635952709659485 3.2900142919493285
0.6826941172304866 1.8324683644201027
0.7952674596405913 2.648780137385097
-0.6762086759101218 -0.4604525254855203
0.4088776646616037 0.6837925451154971
0.9194056136477784 3.9133905939346105
-0.615343684188612 -0.41454460807465815
-0.06153250230725682 -0.05796577726255929
-0.2914138114030038 -0.22612910356883517
0.3544005473387626 0.5458789851793919
0.8187405569019983 2.8551599615715673
0.7843557068440605 2.557473517674662
0.2138434654504846 0.271889668375189
0.2580719009643979 0.34744131983293325
-0.513479312496528 -0.35138125983066815
0.8314666290589525 2.972969907692752
0.35006257907274296 0.5357782600163077
-0.4182316207471348 -0.2986701401565526
-0.7650948312869763 -0.5470961972771855
0.6413514794298405 1.5941978745661485
-0.15306136606654763 -0.13275462101684427
0.03911907547897919 0.0407116749817679
-0.7953644254522767 -0.5840182139283729
-0.44237500553754283 -0.311894977384533
0.08393480238481987 0.09162497706288963
-0.4440190653751206 -0.312795217363084
0.12293440219443652 0.14016163755815975
0.9295310943083088 4.037180881401595
0.9749143505635052 4.636066628552874
0.7589308527647456 2.3555553709899497
-0.6363729560367613 -0.42947946711239593
-0.9252833413993666 -0.8065480492477
0.9537294144961963 4.347301892441176
-0.7683718483580042 -0.5508818379608167
0.6594556442771606 1.6949624057272656
-0.8571849064328427 -0.6751460779479681
0.9143442755535629 3.852793849644838
0.7658889460308149 2.4093468151191444
0.9858034324013814 4.791039661609456
-0.8616753056486277 -0.6827153370773897
-0.02196955906030129 -0.021497273551811188
-0.9038455038072271 -0.7611212449028887
-0.333461030065052 -0.2511028973888936
-0.31470206998711414 -0.24011026990139656
0.9667787590405501 4.523211700669413
-0.464865084291916 -0.32423239870004084
0.456162598138814 0.8222177008002857
-0.6361033293517317 -0.42928235988376795
-0.41612675537224875 -0.2975150231465397
0.527301114047142 1.070037189219462
-0.20209935014288005 -0.16817868517915577
0.5098426519886079 1.004328333530246
0.21071438800834397 0.266857590144679
-0.33786673909991527 -0.2536532846244007
0.10221605699223346 0.11385246666219334
-0.22831179022283954 -0.18598976812060475
-0.7583854356023727 -0.5394961150418072
-0.2683118258943622 -0.21184454179667767
0.8365449875184703 3.0211851780757195
-0.27427523952451605 -0.21557427049993408
-0.3970280391278198 -0.2869983915201703
0.6034703746856611 1.4000760783658561
-0.19421425990073082 -0.16267426279701178
-0.6425469035055633 -0.43403547262193143
0.4368418001673142 0.7633599851674668
-0.8329302106000855 -0.6366076129970314
-0.6938374430257275 -0.47549260424594003
0.10710715551580363 0.11995352679441439
0.0022987067378794634 0.0023040029650190997
0.35952519880809164 0.5579697823510832
-0.14099806220781597 -0.12358120866130116
-0.9708739417700876 -0.9175416875882734
0.6210214441326183 1.4873069072194105
0.33642574544349335 0.504805381145025
-0.15042056704581008 -0.13076274446844868
0.7837258921327546 2.5522904525022474
-0.03304941554507557 -0.03199209674858809
0.4395884309300715 0.77152716052508
0.8124424054690296 2.7984177982137615
0.30271630205469124 0.43303291314732706
-0.2417076115280925 -0.19481802076355859
-0.33168692880240425 -0.25007267881566053
0.014302833974934703 0.01451037342843475
0.5690508492507838 1.2416676901435375
0.6665024088358305 1.7356665625831305
0.9730146716553176 4.609492637200244
-0.18661657809797738 -0.15730339466615356
0.9153773733180877 3.865093992435728
-0.5191555134363115 -0.35462745747627444
-0.7609656119588075 -0.5423951542277237
0.39952073574716396 0.6585641124063006
0.5251147812872614 1.0616213866773345
-0.6206012077248455 -0.4181983290730932
-0.48276841257733705 -0.33412391990481377
0.6980323024150952 1.9285297083608286
0.3977408573014438 0.6538409896607269
0.5009523281476489 0.9721474351559246
0.03587285167990428 0.03720759197721046
0.09220903782088818 0.10157451108685646
