1 1 0 1040
x1 f
0.7960374470741804 -0.5857925848072035
-0.16996028143916853 -0.9715336734824367
0.5668481675078119 -0.7335781348015254
-0.5416547887284844 -0.7521979475480369
-0.22110299868959693 -0.9523225464999877
-0.23455536390396525 -0.9465172373730601
0.6750986082654744 -0.6564042778262814
0.5423253998624715 -0.7517020380231962
0.9435014281594749 -0.5438204355728016
-0.6710434970678889 -0.6591355266366135
0.778580895433826 -0.5943966388638549
-0.3847944195785864 -0.8632614616032122
-0.6150656298213371 -0.6983415492539182
0.7680560164401575 -0.5998840958618021
0.8100706989096176 -0.5793530940000133
0.6962599570139181 -0.6424541352095481
0.3639143095672719 -0.8766008034188
-0.5656993790709468 -0.7344258745669269
0.842954040183362 -0.5660726654276825
-0.8673066045017344 -0.5580095502715157
0.030644170194513487 -0.9990613758582334
-0.25778352967607154 -0.935790690667908
-0.9937325842471532 -0.5446415154645258
-0.05785098786169196 -0.9966588682024405
-0.3882981100453389 -0.8609772301605584
0.13925916859247955 -0.9807958305451466
-0.022642471514415563 -0.9994874499217261
0.6659532671255535 -0.6625882664372185
0.6905579144581138 -0.6461604996465784
0.4355407313347699 -0.8290434949139682
-0.49474204612826966 -0.7867249535754328
-0.6524122259529594 -0.6718964970570658
-0.4367669230819231 -0.8281894501172372
-0.1801860390195138 -0.96806423153105
0.5520288583132944 -0.7445262131796679
-0.5327516489465607 -0.7587794459942828
-0.48786271950951754 -0.7917363888873888
-0.04125912336996529 -0.9982991342933157
-0.45228484008690595 -0.8172874303358149
-0.48573629137985375 -0.7932815134030524
0.9161031620226128 -0.5468819610737405
-0.24839678600602255 -0.9402307144578365
-0.4151837732274313 -0.8430472376242711
-0.8920668961201392 -0.5514889212198302
-0.4738708051851579 -0.801865315312343
0.9238026299569757 -0.5457808954281391
-0.77922700886823 -0.5940669395290907
0.9452632866844233 -0.543706174265831
0.0582707881263107 -0.9966102847920377
-0.08740390034770651 -0.992389794191096
-0.5000982202662732 -0.7828107313140542
-0.5883375599463547 -0.7177730965856934
-0.8920278012030554 -0.5514978244391747
0.3648008738535917 -0.876044291962122
0.5045719041985111 -0.7795339748035518
0.24581451603505733 -0.9414272846761915
-0.1697313696863676 -0.9716091660658224
-0.8328209635622499 -0.5698828230901171
0.25531740628874755 -0.9369708372884381
-0.9749346297271169 -0.5433308292698846
-0.12610980425375296 -0.9842232783988083
-0.8690433189139795 -0.5574957027331768
0.16847057981778546 -0.9720232469909701
-0.16953353879631927 -0.9716743315229721
-0.9873459546532939 -0.5440591698185107
-0.4237910991889302 -0.8371677324974929
-0.002536463216715301 -0.9999935663750462
0.29376778623472277 -0.9175000809243856
0.8251874915507351 -0.5729219927747696
0.6054810417673593 -0.7052720292573591
-0.3544294664304939 -0.8824973346142666
0.5651681596533933 -0.7348179534292092
-0.748703537105665 -0.6105222315269005
0.35173169819616135 -0.884155002869019
0.3098752811340204 -0.908691184087938
-0.30633163345560255 -0.9106607447982491
0.11359668475193496 -0.9871793188158171
0.6093257215658194 -0.7024862995240158
0.5454652548034056 -0.7493800230922382
0.6506921903668452 -0.6730909000718566
0.6217179679765443 -0.6935611041261531
0.0015186575205605735 -0.9999976936819948
-0.005017499564768935 -0.9999748250150174
-0.6170904276839737 -0.6968837709167448
-0.4062186936807717 -0.849101924848828
0.8650630499259349 -0.5586856711974753
0.6478361946485853 -0.6750797652051261
0.5779651380594868 -0.7253873838700242
-0.3199275136294313 -0.9030095476369482
0.2514672581458792 -0.9387938967805476
-0.009245441469852844 -0.9999145254653659
-0.4745607537504688 -0.8013680686085991
-0.878845655409151 -0.5547533806669193
0.5209215664486102 -0.7675115228827109
-0.27050641412785326 -0.9295501000090349
0.14248206137204322 -0.9799059622162613
-0.6958300815485385 -0.6427321347346941
0.2413877429237028 -0.9434533232700963
0.5167399905870036 -0.7705924048668538
-0.5315843173293318 -0.7596419040025563
0.712295483527619 -0.6322583302270286
0.6616339747601905 -0.6655384816782688
0.7995379831151541 -0.5841453344307725
-0.2934850675747631 -0.9176513660926031
-0.6086216723193236 -0.7029958799336862
-0.34461788788255654 -0.8884837140703219
0.5925650535893421 -0.7146796075471158
-0.045341047937417445 -0.9979463036352161
-0.7711414153237388 -0.5982529023679559
0.6299559438327713 -0.6876792622675237
-0.8771423001242737 -0.5552104832660901
0.28624092454046113 -0.9214877697868586
-0.6185075614134874 -0.695864889884012
0.14577062371262706 -0.9789778694452136
-0.2648667452743476 -0.932347599145795
0.219100697321591 -0.9531605229208081
0.5043978473747399 -0.7796615812443062
0.949891444295577 -0.5434545147429197
-0.182311137076703 -0.9673194997327372
0.49621892943703316 -0.7856466924958073
0.18302083113309253 -0.9670689820866213
-0.03658858784528163 -0.9986621716311223
-0.9215197669661293 -0.546088005773935
-0.5507020384749914 -0.7455073086788708
0.691227028210742 -0.6457234812887438
0.9562850242842365 -0.543223186079857
0.73312009026298 -0.6195675198773276
-0.11571060929411225 -0.9867009842075926
-0.9881580680678799 -0.5441253562486628
-0.738950971325518 -0.6161354902101092
-0.5779722268437928 -0.7253821697721499
0.9629055046568713 -0.5431271603965375
-0.1741521967458064 -0.9701343540013754
-0.5742541060496671 -0.7281186746188884
0.7662026934076689 -0.6008727287655019
0.3682303685238575 -0.8738830898641957
-0.3883957091218939 -0.8609134190920046
0.4046081242757338 -0.8501818546247876
-0.9981813952783953 -0.545131176970636
0.7977865621929623 -0.5849661545324125
0.0770326481704835 -0.994083603482772
-0.09770002893294705 -0.9905003687128558
-0.7757327614637628 -0.5958599882568598
0.5665370237195029 -0.733807720246971
0.4262090401876142 -0.835504884372796
-0.4828794952538591 -0.7953542300672053
0.0622511300625892 -0.9961323126616848
0.378592729701813 -0.8672730851579655
-0.42692116739697794 -0.8350142348339802
-0.8492177538431915 -0.5638487100567557
-0.4459267032613694 -0.8217746977592424
-0.2121598271433991 -0.9560123014451807
0.14769343405030289 -0.978425839517979
0.07166948689884323 -0.9948766934256849
0.09650780293816763 -0.9907297173724483
-0.6841457522282071 -0.6503758320240938
-0.09267603156261095 -0.991448116070789
0.5993577594787036 -0.7097231727744382
0.9869801195247287 -0.5440301014260474
0.6333412145933714 -0.6852754448988037
-0.19980638289848174 -0.9608820613331551
-0.9667066097367343 -0.5431385499924642
0.04783500874467017 -0.9977144313360167
-0.4884826743903423 -0.7912855499824512
-0.1799562929063705 -0.9681442581941961
-0.36826705539336113 -0.8738598983612664
0.78729878990404 -0.5900199827498496
0.5248829602166902 -0.7645898356908881
0.3451000523874226 -0.8881922871050096
-0.4820977176290564 -0.7959207992627098
0.19809155436283032 -0.9615369936017673
-0.6765829905199094 -0.6554089213421891
-0.8836039010106056 -0.5535203460222774
-0.8888072408748469 -0.5522466502743044
-0.34822676641549455 -0.8862954843926453
0.4849173855762732 -0.7938760320715974
-0.7006733694591192 -0.639613730630149
0.22619389699283454 -0.950161361578925
0.3393793328069368 -0.8916312469008596
0.24030773528126947 -0.9439427571854498
0.5063032941593459 -0.778264142086943
0.6570285010993473 -0.6687039552134506
0.2232673560857672 -0.9514090917086173
0.2445760888580515 -0.9419973054994631
-0.24781554128792038 -0.9405009932432701
-0.15383326853720947 -0.9766169647688101
-0.0406789502490319 -0.998346592715878
0.2408476158295505 -0.9436983352414166
0.4619181590230148 -0.8104387792634511
-0.8891615113607012 -0.5521627915787748
0.8817257435112618 -0.5539992980492771
0.4452173979587273 -0.8222735793664753
0.3569666715360287 -0.8809303800220709
-0.6231568301186037 -0.6925306210894173
0.1203610216793638 -0.98561853421945
0.9820903288416383 -0.543686009701686
-0.6051210897632122 -0.7055332083014234
0.7996215332141821 -0.5841063462127631
-0.09853933735872622 -0.9903372547614806
0.5809327497236807 -0.72320572416813
-0.7927174839628985 -0.58737944003259
-0.6507755929424863 -0.6730329252819334
0.6516202589389084 -0.672446122175661
-0.29257592736791094 -0.9181370642527772
0.5038635895391683 -0.7800532040663721
-0.1429513519669987 -0.9797747598015061
0.2962000605550297 -0.9161937478101012
0.318894489725116 -0.9035997929174173
-0.7570415738199847 -0.605854672651363
0.2082269632045073 -0.9575914093812394
0.7289510071469463 -0.6220550339008422
-0.7571701335309549 -0.6057836851161351
0.338678445175141 -0.89204974695354
-0.9664177448711586 -0.5431359726679242
-0.9231522037306075 -0.5458667269586355
0.17984763946307836 -0.9681820719445067
0.4208252237541745 -0.8392007823208836
0.4272531858277706 -0.8347853365057756
0.13278170926022081 -0.9825251206113846
-0.6688766272061419 -0.6606020813738668
-0.6416625852766609 -0.6794021592600622
0.3301026790511794 -0.8971193761772904
-0.6793976084372118 -0.6535282310753484
-0.19950758114221023 -0.96099655215213
-0.6955114294107649 -0.6429383578394242
0.3583942725236573 -0.8800453507248082
0.9053854625819742 -0.5487201918733844
-0.06374936852914548 -0.9959442843546452
-0.8992328495602477 -0.5499333480320211
-0.493091637827064 -0.7879289376843469
-0.2979689925646787 -0.9152383014976387
-0.24512097859360638 -0.941746812109011
0.43599730791538516 -0.8287256211139933
-0.6607564204569905 -0.6661400999902772
0.975838723456576 -0.5433660180736426
0.7368268913270806 -0.6173792725963477
0.18830386469435956 -0.9651757447610018
0.3237493447182076 -0.9008133426144581
-0.2419693880656395 -0.943188943371714
0.6805780477885779 -0.6527421111635481
0.4636065166704586 -0.8092326327099651
-0.0007644687190153654 -0.9999994155877484
0.42847439986094304 -0.8339426494242259
0.8097187724349444 -0.5795091659632345
-0.899253539303438 -0.5499290778704131
-0.43272083332548883 -0.8310032151670225
0.6221819306285956 -0.6932286832198594
-0.011023734063761337 -0.9998784846714006
0.17989803272676563 -0.968164536643196
-0.5315831677375307 -0.7596427532829582
0.1558516920249844 -0.9760070088776106
-0.2844930805749639 -0.9224017838656484
-0.8785978535421035 -0.5548193670195447
0.44237625468132014 -0.8242683160468818
0.47873411898507934 -0.7983552122341322
0.06944235941015853 -0.9951893996977752
0.5172211709605976 -0.7702380668900128
-0.974561720690273 -0.5433171287318215
0.7487795432259516 -0.6104791270551753
0.6039758163771782 -0.7063646199337499
-0.8047705731469967 -0.5817334286534256
0.3983798497849296 -0.8543349878735649
0.8964742805617267 -0.5505141309369912
0.6395320681062606 -0.6809008964789139
0.8189357238098849 -0.5755162675715444
-0.6831570468276826 -0.6510301233530944
0.8376932967136461 -0.5680184064401284
-0.7640654730264076 -0.6020209271021868
-0.19955713782345996 -0.960977574532853
-0.9734563534955207 -0.5432793072956553
0.015105398541184867 -0.9997718529678705
-0.29092461538119396 -0.919016167206603
-0.3780796742439032 -0.867603122668755
-0.44388631651926636 -0.8232088288381034
0.31811212632974617 -0.9040458541174548
-0.18266363388648488 -0.9671951835774925
-0.24893410725197662 -0.9399803742612945
0.3816194301070648 -0.8653203305116304
-0.4448335162802428 -0.8225434315101956
-0.13706462985216006 -0.9813905761450281
-0.5611113249202999 -0.7378135035106792
0.3688174989600497 -0.8735117547243081
-0.14233282691808857 -0.9799475979913129
-0.9548655336722711 -0.5432628315767004
-0.7267130528487018 -0.623401620451153
0.11506557362318959 -0.986847851312984
-0.2807440355655446 -0.9243469004770477
-0.21664890774983836 -0.9541773075403742
-0.28799549600329066 -0.9205656725363822
-0.5647230614538905 -0.7351465011425466
0.564969776266308 -0.7349643858206645
0.6780705515739025 -0.6544138576379921
0.0652876855550153 -0.9957466121442248
0.4018319833731212 -0.852037610127451
0.8740453166755042 -0.5560626048672894
-0.6730971620996316 -0.6577501270428581
-0.24076156180911457 -0.9437373268097607
0.9204830139642222 -0.5462328803759797
0.18112436575430224 -0.9677364005406601
0.6336718659559597 -0.685041089950785
0.34369110673500036 -0.8890430620537203
0.9433959731604997 -0.5438275963338233
-0.6262434896364355 -0.6903244410491951
0.46436550111020125 -0.8086898783723173
0.4206718055519034 -0.8393057465398752
-0.5626269107322575 -0.7366941459416223
-0.0311253664202209 -0.9990316809543077
0.8203605991359193 -0.574916775926622
-0.19757839635850805 -0.9617319753842691
-0.9520809361736307 -0.5433600467668278
-0.23779290285482513 -0.9450749914413822
0.9215495423190092 -0.5460838947705924
-0.3918278204969685 -0.8586633019170704
-0.8541939538131411 -0.562154992452949
0.9872912026292056 -0.5440547898444343
0.9761615820217799 -0.5433792615664454
-0.8823578350434127 -0.5538369759663374
-0.9140719230402572 -0.5472032175085924
-0.729620008244231 -0.6216540147342213
0.6852409115590017 -0.6496524223009347
0.6927748281261534 -0.64471467821582
-0.5266428087231136 -0.7632910528679664
0.6131658903604731 -0.6997113768566715
0.5469234544743051 -0.7483016154815285
-0.228159600901922 -0.9493151833415793
-0.9412981148812605 -0.5439775832401601
0.6723788258087144 -0.658234208599711
0.11140540741097249 -0.9876660907330582
-0.9921026409767677 -0.5444794087720664
-0.48663452972910126 -0.7926290639520202
0.8644376945293841 -0.5588765924213024
0.3865131694776527 -0.8621425102516767
0.6636714315737373 -0.6641445495631506
-0.19483553086787797 -0.9627662978498109
-0.884735792643996 -0.5532366043417033
-0.8670932356644334 -0.5580732552168544
-0.5418197498796984 -0.7520759618701001
-0.005335999369827649 -0.9999715275160808
0.21065239491142318 -0.9566207178221058
0.326556874083872 -0.8991875644058442
-0.1955797682040843 -0.9624869613439748
-0.6830388850551403 -0.6511083945048817
0.6089372870576135 -0.7027674115350768
0.8808426409043368 -0.5542279977355613
0.6180124871997688 -0.6962207018150062
-0.3296095818973632 -0.8974079772487187
-0.8832528046165957 -0.5536091089638709
0.6898720453781069 -0.6466090292954114
0.1734444403061599 -0.9703728547223267
-0.41424656345848554 -0.8436835677643891
0.6866368678280894 -0.648732364003648
0.47475340527353693 -0.801229180902631
0.8099384499820952 -0.5794117103362939
0.7441806988117159 -0.6131052605898586
0.10465988687949834 -0.9891064628644429
0.8124791509871336 -0.5782926343271759
-0.129962706060897 -0.9832529318766221
-0.4538886939515654 -0.8161512616117401
-0.14653586838040455 -0.9787589991586222
-0.0609224798680168 -0.996295345618609
0.28769049477286823 -0.9207262903988336
0.7742737242640902 -0.5966158994893986
0.8365169474038641 -0.5684630900186551
-0.016395105160114554 -0.9997312366557944
0.7774620737148914 -0.5949695416271192
-0.4009539776144344 -0.8526230042251481
0.3614468805656901 -0.8781448799985048
-0.3860112461368308 -0.8624695928753132
0.17365303745336202 -0.970302655895636
0.1836799961618103 -0.9668354910488113
-0.8113060150912377 -0.5788075067091185
-0.056387919481593496 -0.996825461466329
0.8124310922113107 -0.5783136642045726
-0.935833765293757 -0.5444353288832684
0.7457779536141282 -0.6121890229469502
0.7429622156754707 -0.6138071535821727
-0.5819037936142515 -0.7224923725709218
-0.14308175672247314 -0.9797382283970635
-0.40427936534091824 -0.8504019981876126
-0.8522565865531138 -0.562806634370086
-0.9824163747742096 -0.5437063848920463
0.5775311871612041 -0.7257065969614114
-0.3721906781683062 -0.8713708715581765
0.3721443715333672 -0.8714003472416765
0.9558074284532005 -0.5432357765071638
0.4051736108427908 -0.8498029565938579
0.8574616355657512 -0.561078518819702
0.7642432713800034 -0.6019250770166169
0.30698338599241226 -0.9102998218167052
0.0008610502845072254 -0.9999992585926823
0.34845471289381313 -0.8861567317252079
0.33193094702186743 -0.8960465525136915
-0.05968942280202327 -0.9964435253143646
0.16664175436149575 -0.9726187255857444
-0.028936355900865518 -0.9991630379267902
-0.6398512199726252 -0.6806761608669594
-0.6829802236103104 -0.6511472582289057
0.11187011471192543 -0.9875636320832051
0.4358821070213694 -0.8288058401626737
0.741446813598019 -0.6146835956840495
-0.3228302420293625 -0.9013432926547149
0.43392526437527645 -0.8301669284122447
-0.5118994656992453 -0.7741539936109936
-0.6979576252873823 -0.6413585637038768
0.5954830391802248 -0.712548190548044
0.7948740373559029 -0.5863459579841879
-0.1628270812803767 -0.9738410911618728
-0.5314229227263976 -0.7597611355890637
-0.8786669744593225 -0.5548009434693395
0.2974746897315439 -0.915505742211404
0.36783620449945476 -0.8741321636473274
0.8798105674906609 -0.5544981033257226
0.7134609339578741 -0.6315310758970263
-0.47441850139872277 -0.8014706100159178
0.05045000770232888 -0.9974580378102544
-0.08918431434233298 -0.9920778524465463
0.2991042608716519 -0.9146227366934497
0.02325286170218943 -0.9994594506182647
-0.07096216794564336 -0.9949770654102899
0.9126019641559757 -0.5474436563076036
0.5446447394822549 -0.7499868312128057
-0.6270059262367738 -0.689780442906277
-0.7752205674650376 -0.5961248689962574
0.32724278716688104 -0.8987887784355635
0.8920122115448701 -0.5515013759789644
0.6908055072980783 -0.6459987253810782
-0.9324459943885619 -0.5447674874946267
0.9001501674740269 -0.5497452534092273
-0.03621822763780269 -0.9986891006258454
-0.1716393504167606 -0.9709770154305349
-0.46271649975845164 -0.8098686612945959
0.461916037037154 -0.8104402941315383
0.4969204063007544 -0.7851342703741139
0.10370109965455554 -0.9893040596681876
0.40880532344373344 -0.8473624904838126
-0.8006831203122655 -0.583612301999211
0.5017825356131724 -0.781577808866903
0.6097524608510823 -0.702177555033164
0.42574410187666345 -0.8358250003118697
0.3660132443208475 -0.8752818090840463
-0.9485558312726605 -0.5435199098036823
-0.8001261338744401 -0.5838712038104357
-0.32090704488674726 -0.9024485345412538
0.8874668420748579 -0.5525672449521879
0.5243894240163165 -0.7649539832507333
0.605618825379318 -0.7051720706738327
0.6153768407939979 -0.6981173381356989
-0.11246375527644825 -0.9874321417423129
-0.13088760367094254 -0.983015801894993
-0.5082851415825174 -0.7768095441506856
0.03553009870673374 -0.9987384091487759
-0.5986472209832052 -0.7102407526206964
-0.878400727942348 -0.55487198366946
0.24006407525630813 -0.9440529135074439
0.14534453351044108 -0.9790992621977344
-0.936367687279489 -0.5443863470325425
0.8806305245992618 -0.5542832625566614
0.8951057761269763 -0.5508106542024235
-0.696603839923347 -0.6422319162849214
-0.9591320895395474 -0.5431639151819552
-0.9368709972535039 -0.5443410152560886
0.06294904590722394 -0.9960452764063146
0.1670320685019131 -0.9724921500030836
-0.34637268858947934 -0.8874217047481299
0.6326191756388932 -0.685787474299888
0.438530135062285 -0.8269593937988393
-0.5841949719142305 -0.7208102942731884
-0.7556086778401732 -0.6066479185473035
-0.5173704129800596 -0.7701281559545721
0.4900574797856758 -0.7901396147590433
0.017521737199970078 -0.999693035857073
-0.5987995361223006 -0.7101297831886415
-0.16074890566479372 -0.9744957677635453
0.521321134448604 -0.7672169511424748
-0.4906438282987984 -0.7897126889120807
-0.07436568514687125 -0.9944850577988412
0.5690010483054695 -0.7319900221995691
-0.47823180987044167 -0.7987182967973889
-0.17528608097206066 -0.9697503617456495
0.7598917854697578 -0.6042879631434762
0.8684981994729428 -0.5576560905821795
0.2441049365309258 -0.9422135109675727
-0.0762703532282385 -0.994199777445478
0.4942621833288072 -0.7870751231837895
-0.5242726168749314 -0.7650401617396149
-0.6744727706409139 -0.656824652049129
0.7221923101507168 -0.6261453337920098
0.646185494931218 -0.6762324287073437
-0.452742748808008 -0.8169632189077466
0.6134458566081611 -0.6995093795950594
-0.7541773951448494 -0.6074439828017568
0.27331362585557195 -0.9281392827840822
-0.6106158418892895 -0.7015531888668856
-0.07020389038295805 -0.995083574172843
-0.05615157012565364 -0.9968519757832814
-0.8818383944892116 -0.553970285175256
-0.04877087108316713 -0.997624232677253
0.3995373506335649 -0.8535659560654487
-0.03622633826377708 -0.9986885138263708
0.7792057937721153 -0.5940777517963707
-0.9159618258854936 -0.5469039007621141
0.6776276203201483 -0.6547098890349845
-0.8955561461865236 -0.5507124560882977
0.5181362336484903 -0.7695640846612422
0.46530727460342125 -0.8080159480079017
0.05509358772407458 -0.9969693066136808
0.6074691133526968 -0.703830623966702
-0.28181855923744825 -0.9237915610777203
0.7129270006888488 -0.6318640162520985
0.7301507646194771 -0.6213363651052441
0.8933721113159514 -0.551194262897638
0.46883258782858483 -0.8054887863142028
-0.574255070074388 -0.7281179646888151
-0.5634707888204347 -0.7360710152233528
0.44660359663430427 -0.8212982867347773
0.09756760316265112 -0.9905259798132929
0.33455383347276224 -0.8944998692512774
-0.47070864131443746 -0.8041411170341348
-0.879628057634054 -0.5545461846923199
0.8595060469948286 -0.5604195774976302
-0.647730884601531 -0.6751532338236361
0.1884535260400204 -0.9651213854885111
0.9799117783994504 -0.5435592618860801
-0.17183333977111248 -0.9709123717044124
-0.06446332375961572 -0.9958531230089892
-0.7032946452143862 -0.6379387776379064
-0.9754518956649318 -0.5433506200826286
-0.041158950549552875 -0.9983073763149978
-0.6403155058273173 -0.6803493675062253
-0.6439197938227705 -0.677818204133912
0.2699422910075282 -0.9298321462556569
-0.14759066155082157 -0.9784555197870941
-0.887202989276141 -0.5526309689637535
0.07376795624601118 -0.9945731148133804
0.16840766906198246 -0.9720438327277888
0.6746200862465266 -0.6567256622980113
-0.3970511109417265 -0.8552161829528353
0.47740284446152725 -0.7993172297627613
0.25383222863207 -0.9376768844137651
0.2322638162560864 -0.947527560993945
0.900541739989025 -0.5496657298194468
-0.7296990096215303 -0.6216067054600789
-0.04882800966773959 -0.9976186693073714
0.744213241842208 -0.6130865492428645
0.10804000703038641 -0.9883956794586105
0.08167948603130393 -0.9933507532301642
0.6661737062611515 -0.6624381947216207
0.6726189338114323 -0.6580723406032658
-0.0910966297511584 -0.9917359084437912
0.3567714062099967 -0.8810512458319611
0.8217319039817252 -0.5743443850013791
0.09366134323639064 -0.991266114599248
0.7602926604854412 -0.6040688097036138
0.9701843265003276 -0.5431917522193148
-0.8659281636887197 -0.5584233197047443
-0.3998287230802955 -0.8533721670693429
0.7958840095536486 -0.5858653991516469
0.9834316251134065 -0.5437721771844621
-0.7241165702403256 -0.6249736519640443
-0.7041574331029845 -0.6373894717947747
0.6757955250652175 -0.6559366593197125
-0.7724942958635268 -0.5975434985032919
-0.40503943866491854 -0.8498928842512515
-0.6335935982950254 -0.6850965564399198
0.2735422599395252 -0.9280238454044444
-0.3147645697868964 -0.9059450291051944
0.32801935898572765 -0.8983365344235488
-0.04298714232572021 -0.9981538137393332
-0.7088042979511622 -0.6344483437920203
0.28201580019433403 -0.9236894337252488
0.6653050979455135 -0.6630298121666407
-0.7262214786819035 -0.6236984456373224
0.8809055186838723 -0.5542116402730859
-0.2324459729836139 -0.9474475692885622
-0.7324224408503552 -0.6199818489139959
-0.5586431510687657 -0.7396369760327015
0.8259928597366251 -0.5725946263396511
0.9084020125327861 -0.5481672375469203
0.30767111943305836 -0.9099183264029803
0.5323877099901277 -0.7590483496557122
-0.5945359581721283 -0.7132396185191012
0.7143797224437642 -0.6309591091042739
-0.503292499413011 -0.7804717278682304
0.7254294327129898 -0.6241774883071449
-0.821774658922305 -0.5743266110007026
0.2903815423196525 -0.9193044070987552
0.4040436948933652 -0.8505597453790796
0.057923264340677516 -0.9966505285219497
0.4746317551786776 -0.8013168839584132
0.29046823611853334 -0.9192584228159835
0.24381777717244013 -0.942345107071143
0.2677191224937572 -0.9309388783767915
0.03545001233039047 -0.9987440865253456
0.00039153419154946967 -0.9999998467009886
-0.17624482784831774 -0.9694238620384379
0.09445633779574103 -0.991117889546883
-0.20538380156927682 -0.9587162985961
-0.03057030564845986 -0.9990658932003812
-0.9513626903859584 -0.5433892900812959
0.10903646985155913 -0.9881819302504802
0.19717542777593233 -0.9618847641924174
-0.042180361315651727 -0.99822240056832
-0.04741772193926863 -0.9977540888068777
-0.4573751682824674 -0.8136757586816626
-0.8053338440323232 -0.5814774395105617
0.4090953007550493 -0.8471671060644759
-0.7805316394962589 -0.5934037870703495
-0.7419110756014171 -0.6144146748377624
0.17107185698885718 -0.9711657298538684
0.6081878568362351 -0.7033099939701979
-0.7509340601063574 -0.6092614786899007
0.6686502185867875 -0.6607555965948002
-0.055005280877363116 -0.9969789996007742
0.09657756986936117 -0.9907163723898932
-0.4562058169686565 -0.8145068908212104
0.9086910929018475 -0.5481157027535247
-0.7999679191272464 -0.5839448710179853
0.28332041084512616 -0.923012463351776
0.6466987523426582 -0.6758737838847458
-0.016834461225754938 -0.9997166410756038
0.42978231836266145 -0.8330388090583865
0.6180170855500091 -0.6962173963006114
0.8093490563172061 -0.5796734325856262
-0.892100236360911 -0.5514813320839296
0.3480549946794298 -0.8864000010207941
-0.10993956815821804 -0.9879865545831231
0.8071831875622455 -0.5806420003292587
-0.5620117582017621 -0.737148441227059
0.4686116666850786 -0.8056473594802929
-0.44796074173743605 -0.8203421498405081
-0.49664790429826877 -0.7853333515806942
-0.6200863786018989 -0.6947311559917162
0.34925817379822877 -0.8856671523074593
-0.3584161939765196 -0.88003174196444
0.3423297560281251 -0.8898627469968181
-0.6774687346796204 -0.6548161325630673
-0.7212127379983373 -0.6267439444521108
-0.24746461821078092 -0.9406639077966054
-0.3075732293885496 -0.9099726679033165
-0.44607321688151713 -0.8216716054852446
0.38633361041089653 -0.8622595514454796
-0.6309650858899094 -0.6869618509823033
0.045813062940136096 -0.9979033669759774
-0.6023059237083823 -0.7075779710320844
0.6185613042036102 -0.6958262733757158
0.08276750881102779 -0.9931730438948548
-0.9851925835475284 -0.5438947317215793
-0.5924892906397079 -0.7147349909200371
-0.3345007339337829 -0.894531269525203
0.41028783756041176 -0.8463627791906781
0.5633392663693189 -0.7361681268630984
0.8941342272796762 -0.5510245348217947
-0.15922460599818034 -0.97497090188249
-0.009397434633548807 -0.9999116921218794
0.849155392901422 -0.5638703487150025
-0.32771226609631854 -0.8985154679317316
-0.1971666304779387 -0.96188809656978
0.7838761866261799 -0.591719589578162
-0.375429757670523 -0.8693032191035626
0.17168998815748404 -0.9709601478510218
0.7563038924885912 -0.6062625843513205
-0.7339182946105065 -0.6190944317619783
0.24832370098517287 -0.9402647290236452
-0.8747360656706809 -0.5558702052212937
-0.1759099612552566 -0.9695380895017214
-0.09414873152474779 -0.991175388005021
0.10223876917195684 -0.9896020060165649
-0.35471611358680954 -0.8823206883589281
-0.9932516479752671 -0.5445927207144042
-0.685598059309968 -0.6494168116144924
0.7056209567100127 -0.636459991790602
0.9741122376470015 -0.5433012460674832
-0.7050722949719921 -0.6368081060812372
-0.3212158388514359 -0.9022714088347457
-0.09835436646345941 -0.9903733201229667
0.477124565967584 -0.7995182121848832
0.14837111685487403 -0.9782296338128293
-0.5825418492929715 -0.7220237872807337
-0.13937482373626264 -0.9807642350371238
0.1256099216601685 -0.9843471037830344
0.9034031255976331 -0.5490986045587214
0.354217012684106 -0.8826281957803647
-0.963009810377659 -0.5431268233695548
0.9460273280523119 -0.5436597816855973
-0.3873470136648285 -0.8615985523464645
0.3003708222563972 -0.9139337975058169
-0.3230572643408358 -0.9012124977926695
-0.42333387197999994 -0.8374816315674735
0.591916563044653 -0.7151537283327292
-0.7612596995882626 -0.6035413679519706
-0.6154225892411065 -0.6980843833714662
0.3270281380203417 -0.8989136410650521
0.29463572598524257 -0.9170349116615346
-0.9748040696990197 -0.5433259785013851
-0.27633194340906364 -0.9266088968926509
-0.4249774841286078 -0.8363524406056089
0.715851886243932 -0.6300451863578873
0.5750147766860974 -0.7275585640184337
-0.3005057957374835 -0.9138602438733756
0.7452148699744252 -0.6125115266758692
0.9008987454245603 -0.549593627215894
-0.8341693872408846 -0.569360901633825
-0.8817663956459221 -0.5539888240351054
0.3425706538508573 -0.8897178683812548
-0.7175610726356734 -0.6289880657957382
0.6205365347452634 -0.6944081765532932
0.6039114083168484 -0.706411395259869
-0.0319359586828436 -0.9989806147791037
0.5622356854218247 -0.7369830635317234
-0.8666671029866546 -0.5582008601044597
0.16680152542719284 -0.9725669468842192
-0.6375557974577011 -0.6822942519798867
-0.8090529004235161 -0.5798052414414626
0.8054136395165836 -0.5814412326577676
-0.1182344877512278 -0.986118655993303
-0.7777503751591801 -0.5948216735608014
-0.7346727645418103 -0.6186482102569877
-0.35238309569681125 -0.8837555480304801
-0.7199666933112252 -0.6275074728647569
-0.554898654312939 -0.7424044961429785
-0.6332492914968291 -0.6853406109218977
0.9627722194370067 -0.5431276443097459
0.6204103337973492 -0.6944987112519809
0.24848407494304614 -0.9401900779193613
0.7627577750001848 -0.6027277289974464
0.8081388727846548 -0.5802133056167672
-0.5243551342378936 -0.7649792819445059
-0.9233110517070642 -0.5458456421504774
-0.7084031103151343 -0.6347010981830556
-0.1660190328162494 -0.972820091474779
0.4180694642080798 -0.8410831405714412
0.06861714138232022 -0.9953027850164731
0.06831641660634769 -0.9953437709548795
-0.2465804385896342 -0.9410734998139928
-0.12919978585482794 -0.9834473115701173
0.08390411004102538 -0.9929849238230349
0.44011317912751435 -0.8258530653539777
0.7749847000891605 -0.5962470229541152
-0.35580110567678047 -0.8816511740400306
-0.5645577303742273 -0.735268547137649
-0.922813482019347 -0.545911952569077
-0.6930628226220843 -0.6445273006065504
-0.1640181265897367 -0.9734623022240352
0.5334056411573076 -0.7582961976478222
-0.39987102520695705 -0.8533440255290177
-0.10398955178917313 -0.9892447994933907
-0.04404374244866771 -0.998062031173852
0.0284582449614057 -0.9991904563061702
-0.09421795125624688 -0.9911624653553165
0.2827384465969114 -0.9233147633136476
0.7533685611904837 -0.6078954780747146
0.5706419046950839 -0.7307801710013437
-0.4469529380687445 -0.8210522893794366
-0.581268698941056 -0.72295889815959
-0.07563547020154004 -0.9942956623057218
-0.06791790299938927 -0.9953978098378161
-0.34381930591857657 -0.8889657526518512
0.9589937715069565 -0.5431661689852993
0.03218946064925032 -0.9989643755772721
0.7522057827598838 -0.6085465981817169
-0.9817799949922228 -0.5436669566255679
0.7617432411631562 -0.6032782874181937
0.6770178227559895 -0.6551177997536818
-0.5564205585997772 -0.7412795315261134
0.4964955905032049 -0.7854446154824457
-0.3154668805761496 -0.9055478562436137
-0.5798059132422655 -0.7240338506110073
0.49849425360008803 -0.7839839511041374
-0.9363653366880611 -0.5443865606610605
-0.1620290510623228 -0.9740934303931733
-0.5718707538067376 -0.7298744438662459
0.4725842325149805 -0.8027918924614617
-0.6151594213753127 -0.6982739716628916
0.6856245308598843 -0.6493993542836616
-0.634950254204184 -0.684135751908314
0.09211602562939647 -0.9915507144527254
0.9604478101517115 -0.5431456779098401
0.38438610448283517 -0.8635268329593067
0.3128569866764557 -0.9070203886632908
-0.2245825311781413 -0.9508501558503999
-0.3911264058288402 -0.8591241259581126
-0.1444623986439879 -0.979349501594726
-0.8660304930807308 -0.558392423583776
-0.6381129646089312 -0.6819011249078135
0.713162952750255 -0.6317168354227201
-0.1874166750214985 -0.9654971652948223
-0.5419860918970851 -0.7519529542041136
-0.26720235671557147 -0.9311950357904893
0.9501477097453739 -0.5434426397585777
0.5846718050232693 -0.7204604217311082
0.19552214937251255 -0.9625086224993472
0.14114228755811475 -0.9802782559872629
-0.5290255462200253 -0.7615318636071498
0.2922172072921785 -0.9183283742506883
-0.5122579262626656 -0.7738904365145753
-0.5758135127817035 -0.7269705667042359
-0.0674950225427089 -0.995454810360335
-0.25727570111336506 -0.9360344988719178
0.20831971254135095 -0.9575544770557104
0.32168005543736977 -0.902004890492206
0.5553729880345555 -0.742053858572423
-0.71648992569968 -0.6296500649517309
0.5854595602879706 -0.7198825656304324
-0.895578689884184 -0.5507075564916927
0.9124601923611384 -0.5474671979034926
0.9744204951046529 -0.5433120641512499
-0.03815628540263538 -0.9985451580951403
0.7160260947841861 -0.6299372447801006
-0.6550858131285229 -0.6700451403096774
0.8721887709721234 -0.5565863603129716
-0.4431645510157516 -0.8237154353447499
0.9102835893371217 -0.5478363864868381
-0.055717494339898144 -0.9969003833280646
-0.39986324720617916 -0.8533491999827124
-0.8053705716993904 -0.5814607727112907
-0.990760363270107 -0.5443528590152082
0.09813970094945046 -0.9904150920147357
0.18669342280980894 -0.9657581534513111
-0.10376183948870565 -0.9892915945380132
0.36344596687353903 -0.8768944253286234
0.1916022864627338 -0.9639684643047903
0.9110690691148893 -0.5477014778382518
-0.09429163060827639 -0.9911486998911201
-0.2987757709849215 -0.9148010409733115
-0.51946741492678 -0.7685833045804155
-0.5047019120918694 -0.7794386559637262
-0.5558021651735996 -0.7417366158399159
0.3573906083497529 -0.8806678152118812
-0.21902497459991843 -0.9531920794708312
0.43080815295619246 -0.8323289538975474
0.9297164360955101 -0.5450618556740812
0.4224290159549111 -0.8381023276699331
0.36364658037487296 -0.8767686839917277
-0.3481896867977847 -0.8863180490037177
0.4084520842177939 -0.8476003964346464
0.2968450755140575 -0.9158458820725319
0.8689610032631232 -0.5575198692934147
-0.8003854219253155 -0.5837505947398485
0.8091144775221035 -0.579777819084774
0.14807175372456882 -0.9783164124514293
0.2934767061421846 -0.9176558385923189
0.14812713575688563 -0.9783003710559258
-0.20323894912367346 -0.959555596096726
0.18980467845669113 -0.964628820191829
-0.7685062832043106 -0.5996449013343769
0.9668968917423109 -0.543140401841527
0.8204051354903343 -0.5748981157612216
0.934501845290725 -0.5445615202253559
0.3873703835477673 -0.8615832966730554
0.05302722271967086 -0.9971920697770307
0.11692290538275052 -0.9864227983668119
0.8266125622260903 -0.5723438008237851
-0.49702111421479755 -0.7850606896567571
0.7308131895940864 -0.6209405385696838
-0.01603335403965178 -0.9997429646024543
0.6104527919631928 -0.7016710710937303
0.31048892873697365 -0.9083483361402395
0.738532064537595 -0.6163801962645877
-0.5751021292153193 -0.7274942514366094
0.7697418270568617 -0.598990554075415
0.9802821177638517 -0.5435796562569908
0.8614095731434253 -0.559816184442133
0.4436190810173848 -0.8233964442603812
0.24927398615233343 -0.9398217825087666
-0.9557606635782698 -0.5432370501489031
-0.41900793954655957 -0.8404428308857873
-0.3921131835784053 -0.8584756786734554
-0.8972070413034887 -0.5503576454127004
0.8985781701468833 -0.550069128377028
0.16888042510707146 -0.9718889599456486
0.3215302707374732 -0.9020909173029177
-0.44373938030817883 -0.8233119931698097
0.29951335314484306 -0.9144004647379727
0.8881436190317198 -0.5524047202184763
-0.3059311209983171 -0.9108822412261713
-0.383055037528675 -0.8643907041727658
-0.6133864047821966 -0.6995522708596247
-0.18226157515030028 -0.9673369609947557
0.9895854556503114 -0.5442472316633161
-0.8476244371416772 -0.564404762844825
0.1795827750163015 -0.9682741613544484
-0.4459553810465213 -0.8217545202072447
0.23018321385076357 -0.9484373035023259
-0.9162381744367107 -0.5468610608973297
0.26021932711420126 -0.9346155872334074
0.6055734937561241 -0.7052049566347163
0.5311092479123924 -0.7599928572280458
-0.06010150385559543 -0.996394339072856
-0.17344764627029652 -0.9703717764228453
-0.1556532595392779 -0.9760673087230803
0.3153167244081314 -0.905632829854454
-0.6907811116154181 -0.6460146619035417
-0.4417712843896957 -0.8246923170575373
-0.330629308218255 -0.8968107983171834
-0.668716263516481 -0.6607108097261052
0.24460834160657097 -0.9419824919214735
0.07116039038403876 -0.9949490360583995
-0.671596562940749 -0.6587619913647241
0.9209733191052121 -0.5461639460000199
-0.483669897651793 -0.7947811274698857
-0.39411807327635673 -0.8571551831360833
0.8729346073669237 -0.5563747894491922
0.6519863968731439 -0.6721919539460166
-0.45274239828669005 -0.8169634671384405
0.8886183053343097 -0.5522915226031279
0.7511610741564956 -0.609133655769607
-0.26845696788717555 -0.9305724148340412
-0.5310209840864835 -0.7600580585676803
-0.8069377160339701 -0.5807524467767989
0.36658071894304634 -0.8749243372616857
0.272319779577465 -0.9286401442183954
0.18729229268042702 -0.9655421156083143
-0.1892478095745853 -0.9648322216607697
0.2660604419150119 -0.9317596029431547
-0.975273785510417 -0.5433437022820402
-0.08986543087390797 -0.991956879059459
0.7489974481383113 -0.6103556051871214
-0.22154316109729355 -0.9521374219462952
-0.36169259998918624 -0.8779914288917408
0.15723818000035528 -0.975583647495055
0.2486411552747776 -0.9401169196373554
-0.11655035265241631 -0.9865085881485115
-0.5955715425447319 -0.7124835956031277
-0.46563820341119966 -0.8077790156357556
-0.4642951478389006 -0.8087402024611959
-0.9725937330209085 -0.543252686798092
0.3588987666799619 -0.879732019344045
0.8132266323325867 -0.5779662346531842
0.23914309940822664 -0.9444683963904343
0.7312445135090748 -0.6206831786018685
-0.12060494809448108 -0.9855606140705607
0.3066400393623292 -0.9104900323873225
0.4325768250707547 -0.8311031310487365
0.8680934209200835 -0.5577757188353446
0.1692474204283616 -0.9717684525335203
-0.5870047834106338 -0.7187496385903942
0.7123597749056383 -0.6322181613296318
0.21191312646217142 -0.956112140728537
-0.2805488512987562 -0.9244475898627804
0.600576217706333 -0.7088361113623135
0.08049007624410542 -0.9935423679411368
-0.16028546807419652 -0.9746406775321708
0.9773382078087458 -0.5434305457595712
0.8549797782434001 -0.5618935166461725
-0.155086118178571 -0.9762392499414929
-0.049457224340657246 -0.997556976286578
-0.7950702177981779 -0.586252439889593
-0.7526841097921817 -0.6082784575847153
-0.8579550654487147 -0.5609184506448772
0.11818412601780648 -0.9861303952092577
0.022001556347720275 -0.9995160486935996
0.07491686091753436 -0.9944032362491518
-0.10874718989922227 -0.9882441803851981
-0.6816842354733603 -0.652006871569208
-0.003846190249599646 -0.9999852069299834
-0.33224951875978803 -0.8958591701541193
0.3645141727983279 -0.8762243577887893
-0.22459349771778814 -0.9508454828975496
-0.24947117122606688 -0.9397296880237799
-0.46902319602100584 -0.805351949705938
-0.318175992846359 -0.9040094720494682
-0.6660527536030985 -0.6625205314749706
0.11537931277885094 -0.9867765163185614
0.2546608147780516 -0.937283412390185
-0.427039498408909 -0.8349326659412967
-0.49070114368414397 -0.7896709495992932
-0.9911627649096695 -0.5443901393674381
-0.4584663649483047 -0.8128994076855083
0.4617186485044886 -0.810581196467698
0.2909837391017649 -0.9189847607250309
-0.37169831201952985 -0.8716841567785805
0.06161968394111361 -0.9962102299259029
-0.04090093240665005 -0.9983285135870706
-0.1980903049443603 -0.9615374688990028
-0.6284403306387636 -0.6887580410097258
-0.8078242981652228 -0.5803541862734504
-0.45150285098742815 -0.8178407813191215
-0.3949573308569192 -0.8566012268802242
0.22438166975191587 -0.9509357090010122
-0.569751236953173 -0.7314368238962431
-0.20316878160124485 -0.9595829176428317
0.9635996526671782 -0.5431256062453471
-0.5880047232301091 -0.7180169149570901
-0.9403179945716815 -0.5440525662765765
0.2428454878918176 -0.9427896775990472
-0.4270695348978757 -0.8349119591421857
0.9602648957850177 -0.5431478663275372
-0.7834963847625167 -0.5919096891002271
0.7661117522486367 -0.6009214091945252
0.7771587304559888 -0.5951253045931517
0.6727692258458426 -0.6579710528658123
0.1355584604036446 -0.9817935105788389
0.7416332718061576 -0.614575547305021
-0.3378254068109201 -0.892558254748353
0.7460377227077206 -0.6120404252580525
0.965787190118188 -0.5431313261267514
-0.8704882550480859 -0.5570745551828902
0.3661633826798203 -0.8751872674339837
-0.7737087455033123 -0.5969097413017259
0.655213705834454 -0.6699567404357248
0.8006232509267865 -0.5836400979782208
0.8000087695966489 -0.5839258451282241
0.43757333522369035 -0.827627166537479
0.5454481814817635 -0.7493926496230758
0.23340534213377273 -0.9470253634687686
0.426725714876224 -0.8351489409171495
0.3855398800635288 -0.8627765245214739
-0.47450530455507023 -0.8014080399240027
-0.5917437343801386 -0.715280111924435
0.46225315742426276 -0.8101995932031274
-0.0754334551155349 -0.9943260060164394
0.8909294969941792 -0.551749780279527
0.48571141768178383 -0.7932995758204157
0.4171558402960327 -0.8417057657881097
-0.32086236116517486 -0.9024741547016837
0.7384622815163877 -0.6164209885536653
-0.4910110122074205 -0.7894452683480851
-0.610205437934874 -0.7018499301044292
-0.6289347907319103 -0.6884059241281735
0.8968619344879851 -0.5504311461141645
-0.32111176727235313 -0.9023311191396748
0.3037344570960039 -0.9120930407411041
-0.4712652799592547 -0.8037408886369923
-0.32546218243008274 -0.8998227218449677
-0.23351611078280388 -0.9469765170357874
0.22347741047343317 -0.9513200169969254
0.19212495113597727 -0.9637753852523347
0.9208396749627823 -0.5461826610383403
0.8499219765151012 -0.5636050583962404
0.312510281771307 -0.9072152973309061
0.9924109506076135 -0.544509361915645
0.9683171334895151 -0.543158093268445
0.1528910895705573 -0.9768990982103604
0.1844801571383765 -0.9665510090288855
0.22233038538916028 -0.9518055095807018
0.8214709829762843 -0.5744529492823658
0.6372584166917656 -0.6825041741715014
-0.48712529995521625 -0.7922724385320127
0.202617100683274 -0.9597974293181616
-0.9856135846195118 -0.5439256186907482
