1 1 0 1040
x1 f
0.21700291750120138 0.24240635360357005
1.9144588585609512 2.6098047336916066
0.2120488152478306 0.23629526843102003
0.5089145446182806 0.6417035479750894
1.6594323014000774 2.300858845718607
0.0037106785105200935 0.003717579966918055
1.460575634930063 2.042476078006455
1.30875803686513 1.8347085913463186
1.3376411515987627 1.8749272445260932
1.48338604005834 2.072909438236029
1.5683892741978793 2.184502726797132
1.53960869652353 2.1470399425802933
1.059051963289881 1.4744119725227736
0.0189621264806068 0.01914408382358579
1.209483528182309 1.6940781709280686
0.07002189906450029 0.07257020014467694
0.778934089179188 1.0502205916081582
1.182565331223984 1.6553281250972633
1.9791262584082054 2.6843165933085857
1.7787078169741772 2.4484144842715776
1.3031356943115584 1.8268425766158467
0.36719659112904734 0.43924815958894114
0.17080265166018083 0.1864456381161844
1.1268687254721153 1.5743571314843794
1.0378875497934061 1.4429396761710833
0.19047113823218953 0.20998580144100684
1.9530349243476464 2.654433518544419
0.898355339187713 1.2326793292105651
1.4836391616766633 2.0732459928758775
1.4791418916135781 2.0672625648658514
1.2734367298131604 1.7850931620490578
0.07977251817669928 0.08309387973148459
0.5712895023861957 0.7343437872046091
0.6576031278811865 0.8647532521041634
1.367686174536717 1.9164222195361829
0.9568737037742823 1.3213828431544408
0.6689896335004091 0.8820889227909696
0.2820870900329404 0.32505499876971977
0.8928668854011474 1.2243287222357022
1.4118507486272924 1.9767783849177956
0.16376657143987328 0.1781279402573681
1.521271131316346 2.122999329102823
1.181931231826787 1.6544122379936945
1.664471220468505 2.3072038101016457
1.9382515740491388 2.637393903816732
1.2284930653991846 1.7212876705747115
1.9953037541622523 2.70272391494101
1.7296541503269063 2.3883929933786785
1.837947179200819 2.519684348336921
1.9883862230001887 2.6948642055999317
0.8493768303405183 1.1580104646048845
0.5911413776697807 0.7641473213825123
0.974914719165916 1.3485897978797914
0.6415405044368092 0.8403406817750539
0.8850974273291627 1.2124997333031131
1.5476207801917563 2.1575019714879207
0.42443523427782237 0.5194129477964682
1.2177717398703474 1.7059575940464513
1.269278028148116 1.779220571668633
0.2071062965178272 0.23022460433103012
0.17614727596829272 0.19280030602616174
1.8676772922247107 2.554958241526372
1.1706878793828914 1.6381492810953238
1.6886742355043176 2.3375422367884533
0.5893562550247298 0.7614619318439866
1.8639563695507428 2.550561382910388
1.1198384879240435 1.5640632812810664
1.6830400821336986 2.3305001753516543
0.1998340659000981 0.2213401856018305
1.2482709826574774 1.7494577112081895
1.095074742831696 1.5276777456693003
0.952019881479609 1.314050819425084
1.2056231737992809 1.6885367653251504
1.1390412207108203 1.592142236313456
1.2823536884030315 1.7976631425147833
0.6693544281533643 0.8826446887095105
0.9938623921050764 1.3770832695548982
1.053208978662864 1.4657359570776847
0.05897487471467833 0.06077334232466851
0.6982527879158609 0.9267350980681164
1.2708285375685267 1.7814108347190005
1.2778721265932949 1.7913493438781078
0.4290058730096922 0.5259164288743565
0.47382641786482105 0.5904039921291464
0.8374404342913437 1.1397700089975817
0.5828645862926307 0.7517051763405974
1.5957134541681737 2.219766622062024
1.360498534698241 1.9065273090953658
1.5990042785264162 2.2239937941749424
1.3435389593901343 1.8831002591409347
0.10828110042454742 0.11446685076484053
0.15459923497900863 0.16737306855806922
1.2834499273409543 1.7992064169096644
1.8521099163582033 2.5365288587735435
1.4588204946589798 2.0401258498112465
1.330677214512254 1.865259538627948
1.8520842277212273 2.536498373280332
0.6804861192601452 0.8996141696158859
1.9163435693597688 2.611997639632724
1.7654110794013027 2.4322354058507
1.748349053342143 2.4113762401454104
1.219582630956229 1.7085498429484351
1.1512228985930195 1.6098916239402472
1.6422628248745874 2.2791647141137408
0.9155488688432725 1.2588072030664457
0.17236224604328232 0.18829671635631837
1.6105236431117336 2.238757186361174
0.6440563404663684 0.8441608019119324
1.7546990579781006 2.419152409251652
0.6330841289234932 0.8275106304184836
1.1308477778395163 1.5801762338415792
0.5699285221381685 0.7323055753046517
0.9943860812220022 1.3778695656673623
1.696788258420935 2.3476622226282333
1.757506122818126 2.422585013165608
1.1648673765415 1.6297130885169933
1.1046350555248101 1.541747743966759
0.03813649869629776 0.03888061366066052
1.389855478821469 1.9468147583183142
1.2085337900902051 1.6927153480118546
0.7423562986392007 0.9941981543144747
1.5548884142674997 2.166969916731355
1.2832295765863186 1.7988962456089324
1.8152769015380148 2.4925657812149455
1.3282846960135335 1.8619338074925627
0.2622294475305902 0.2993826657488632
1.446979298482833 2.0242379777370667
0.8255614836838527 1.1216046377605333
0.7651423681412337 1.0290951138195592
0.04022686464214642 0.041055721206429446
1.6417618175124047 2.2785299452880303
0.035934002156170264 0.036593856887004596
1.579198968329276 2.198488700709747
0.6687624416764135 0.881742806571782
0.8707861386004403 1.1906882550079723
0.3292991824529632 0.38760364624428145
1.825174495034614 2.5044290708892736
0.023169772898688823 0.023442123443033536
1.3869688876904047 1.9428683319095188
1.2190684940943426 1.707813987973952
1.2694060591961216 1.7794014634550248
0.17584700779962503 0.1924424581219416
0.538847635502536 0.6859525970329792
0.805126733028118 1.0903322137878184
1.4897025510451984 2.0813003801964265
0.7746511363229736 1.043660227927764
1.6290239529689219 2.2623582205056776
1.1775402701444007 1.648066138078339
1.2018993778558458 1.6831863540693162
0.11293082680507993 0.11966965243270458
0.987953230348505 1.3682062869103424
0.6723072816200586 0.8871441846645776
0.7151018069604309 0.9524893590074304
0.5165485735397846 0.6529488182928826
1.2620686633891147 1.7690247818315656
1.9872464210470757 2.6935675425121888
1.1875399793862649 1.6625085909050048
1.9568450045752748 2.658812419600048
1.057209443886835 1.4716771514060618
0.1580123019841959 0.17136628547724417
1.7758020478152465 2.444884562471888
0.8135494905822032 1.103225095473369
1.6420106761842972 2.278845257784345
0.01991435757474469 0.02011516362896312
1.1873810574997263 1.6622793349634395
0.9108400939479697 1.251656569060569
1.0431953085797634 1.4508443944216702
0.31146618200832843 0.3637351092401864
0.08616018718005725 0.09004487135775519
1.84444653093083 2.5274236301362283
1.4879659617379157 2.07899504768613
0.14181511341884145 0.15253116186665613
0.5784271645856416 0.7450440113521946
0.49711153745783543 0.6243744073226102
0.7404513106728916 0.9912814330120912
1.6967127130166433 2.3475681184146047
1.990914354629148 2.697738627179362
0.511711984927729 0.6458210023134527
1.1318704961682144 1.581671055311606
0.09234815438743249 0.09682167132433732
1.139326867114076 1.592559004978981
1.3885185289102608 1.9449873422634156
1.9365233506385986 2.6353967944841896
1.8261685827029497 2.505618562139742
1.2289282018127476 1.7219089790649307
0.034148614614342154 0.03474394210633447
1.2750571464001998 1.7873796344608732
1.660648795025445 2.302391551335125
0.8696307264843104 1.188926120644386
1.5277069595941604 2.1314519084565946
1.411291545018776 1.976018951223695
0.6023467109275018 0.7810264762004185
1.1135893301912032 1.554899720169963
1.49478170848466 2.088036126229601
1.0705153817464994 1.4914046802019019
1.4080253186475185 1.9715807517214796
0.3378148570283823 0.3991014274337867
1.1494638673537287 1.6073316828769184
0.49591575505684515 0.6226227587690715
0.34142703585401346 0.4039976537676978
1.0458728278744789 1.454828972446948
0.5762278538301959 0.7417450635693456
1.4809299548974795 2.069642467997278
0.22346088663146557 0.2504116713504641
1.4846459413850233 2.0745843721260613
1.5596820008169414 2.173203338047828
0.09649607774703539 0.10138812012150775
1.7313041797143984 2.3904269093804826
1.674538989401464 2.319851417446098
1.3429025911539423 1.882219045003275
0.9437399353289933 1.3015319943223769
0.803688416230969 1.0881301917913917
1.136157472382816 1.5879332288087573
1.1467092615871397 1.6033207832545129
1.0184672301699873 1.413951801923389
1.4347919209684585 2.00782770196309
1.3712820962586403 1.9213650155489193
0.7804842823722022 1.0525950368962667
0.3362052986336186 0.3969233523879734
1.6636109818931826 2.3061213060496955
0.1376616899339227 0.14774841915817574
0.5501829640585665 0.7028129922895332
0.7343129989459136 0.9818842922510918
0.17432747292906314 0.19063305743854608
1.2140062849740059 1.7005636546566811
0.030496859638204254 0.03097070013953067
1.4399354898897871 2.014760666199428
0.9778850576438451 1.3530621921149444
1.0421312442397865 1.4492603379702085
1.466828299389102 2.05083881952828
0.2298354886887719 0.25835682329389165
1.4576234912271415 2.0385222975116024
0.18591187143112942 0.2044913222127381
1.731947954374233 2.39122017746974
0.5303418173269585 0.6733369960973566
0.9018096762678423 1.2379326060171434
1.4560364549012978 2.0363953672856736
1.8191858273919967 2.497255416013693
1.9508390243505507 2.6519074274892596
1.0183789106684098 1.4138197404519368
1.4150796634693705 1.9811610467463567
0.8267946114852098 1.1234908726582338
0.9216153807942313 1.2680138720419827
0.7453569455659363 0.9987927536856356
0.2773102864675401 0.31884399560706955
0.06174101054538572 0.06371472883963875
0.5749049427183197 0.7397615229283436
1.3968584245480766 1.95637531765388
0.7286559329883595 0.9732257679856012
1.4252012945783687 1.9948726907865906
1.5421255059564456 2.1503290853925416
0.9230423271695505 1.2701784676643983
1.45636869215571 2.036840710860945
1.6822130632086205 2.329465456762077
1.466485300965897 2.050380471459098
1.4041575356489577 1.9663197209019838
1.3317481833377263 1.866747529984536
1.286423207785864 1.803389893281837
1.0659115964609944 1.4845849304312864
1.7848410445540093 2.455854609487827
1.8546057881044116 2.5394896205235433
1.8045605285448862 2.4796796773968413
1.333453116281642 1.8691154323348513
1.5854193088396613 2.206515873607107
0.5684298366104474 0.7300619146248439
1.0807453572880559 1.5065361137042208
0.3842678208469936 0.4628979693629652
1.0589543672209831 1.4742671369404174
0.07302484173934376 0.07580007444766561
1.1353231053954411 1.5867149067065214
1.9535716810056107 2.655050723475572
1.3950556555494809 1.9539159805329
1.6164525967145071 2.2463354617659186
0.9115099737570576 1.2526740678923174
0.8845513455632024 1.2116679890168789
1.1854178702341667 1.6594465710089583
1.3018165854569064 1.8249953170544293
1.2556010151414863 1.7598615126684127
1.7898866958808348 2.461964738127576
0.6798959551019068 0.8987140249712536
1.0637454930029635 1.4813740458551434
0.7875259190089541 1.0633802875397476
0.8540511725761541 1.1651495645886984
1.917003173836928 2.612764801022869
0.749167835797627 1.00462850171128
0.3335948896808272 0.39339571918850846
0.4036230733654813 0.4899836510305393
1.75354798942664 2.4177439619901113
1.9860009793349356 2.692150177239487
1.0410606433529688 1.4476662314707143
0.059490050860191435 0.061320526664952864
0.18300909380776065 0.20100494923620274
0.6395698412386523 0.8373493371711146
1.219034675182582 1.7077655815411688
0.44590856227007447 0.5500876764952296
1.0210668828631004 1.4178380613612358
1.683957988109311 2.3316482955265654
0.8099845718914278 1.097768670264104
1.383070793957112 1.9375338431676088
0.32061749944285123 0.37594782286128525
1.4702312126569939 2.055383599908558
0.5019132640078736 0.631415720988432
0.885916686403923 1.2137474762617355
1.1567790772211914 1.6179707557490968
1.6554897776585884 2.295887543143209
0.7154368262928399 0.9530017262623587
0.2539485298392661 0.2887930723517669
1.7809356633504727 2.451118698851756
1.4275434431664211 1.9980398138737105
1.983521797601025 2.689327133472492
0.7262223572393087 0.9695016436793716
0.6983405898356403 0.9268692275231716
1.1483682363234093 1.6057366716733759
1.0023183323081932 1.3897711861947182
1.1286749322948242 1.5769992312230827
1.2716034604168895 1.782505160709524
0.41838905792368863 0.5108319538594809
0.7478850639874706 1.0026640908395736
0.9914295412502176 1.3734295706824375
1.5076894694868035 2.105107760079423
0.11651142299057882 0.12369262134529997
1.988372926664157 2.6948490820455033
0.31835100551021744 0.37291602284692793
0.5067433294533197 0.6385104842082716
0.4726120416090287 0.5886406453636785
1.4680357601060376 2.0524519758493636
1.004453542348038 1.3929721843885008
1.0097104476271415 1.4008481324769977
1.8999948010930483 2.592932515836462
1.828484447420105 2.5083882144183907
1.9763023195455092 2.681093935992912
1.9585338168861317 2.660751702752454
0.024141525896051785 0.024437369453105307
0.9981488222205459 1.383517166887564
1.4291867261783153 2.0002606179410862
1.1078496132884783 1.5464721896552596
0.6543462859997438 0.8597991851121979
1.2694211113045368 1.7794227297910599
1.2135197290326794 1.6998663013816748
0.9923871900611885 1.3748679573706921
0.2253698335114902 0.25278645192850285
0.31437686118135133 0.3676112189042895
0.3992666815853714 0.48386290469279325
0.8864106675535404 1.2144997690726456
0.0918124289241018 0.09623328627239061
1.8278693964841644 2.5076528412618027
0.5995827065594863 0.7768593467668037
0.890177929217006 1.2202358135632707
1.2705937088612211 1.7810791713744476
0.7009306316407704 0.9308262692714432
1.8842444686304975 2.5744731175247675
0.048112319548401006 0.04930287557858785
0.03679174338657476 0.03748380007658452
1.0175612286683375 1.4125969878794775
0.7433566440694781 0.9957298444683779
0.49050970975870833 0.614713101034596
0.2763378028036667 0.3175822620329989
1.3674404935713456 1.916084333325282
1.8857362846281251 2.5762254173496535
1.3882141988570866 1.9445712694978468
0.2581056766649459 0.29410056013431535
0.32582453970727476 0.3829305922861712
0.6359422563968531 0.8318451662905115
1.0290065875457175 1.4296960954998768
1.8853074061046842 2.5757217364947187
0.2570895311326895 0.2928016184266999
0.20183505975903526 0.22377909725138384
0.1043710411266272 0.11011038883803458
0.11982950790530555 0.1274334439319965
0.4363523273736456 0.5363989961568107
1.952724839135504 2.654076911291456
0.346681883334788 0.41114052412612123
0.5733162121582538 0.7373802364195423
0.9899365066451229 1.3711865903727194
0.26304141578356854 0.3004247224028397
1.3590338701909488 1.9045085039556309
1.6642061271870876 2.3068702536940737
1.320956207619571 1.851733121589496
0.24294260932761813 0.2748266420344977
0.7508487805228041 1.0072027486298878
1.1703391748988683 1.637644198999133
0.16465999669999043 0.17918106697026753
0.7109733161168659 0.9461762135951808
1.3016048995315004 1.8246988137776203
0.5217229224781974 0.6605867985691588
1.074950962499711 1.497969315962312
1.06117544445621 1.4775625996103254
0.26695134961736877 0.30545185025019456
1.2798345844535515 1.7941150597432745
0.3053677588033836 0.3556392333815238
1.0115203319581736 1.4035580800992573
0.00914579464651899 0.00918786719354273
1.1580258504203045 1.6197822307001748
1.0708285718729742 1.4918683920125058
1.649460065630622 2.2882726673958413
1.6042104437104414 2.230672567108236
0.2852251980029641 0.3291473716606044
1.719108276472262 2.3753688492289577
1.7895418362490805 2.461547430179404
1.835443477257663 2.516698802229099
0.8231544423921524 1.11792241864549
0.2213449254584865 0.24778385496043648
0.7298332106550887 0.9750275081997043
0.008470969375161896 0.008507046801216143
1.9369332508973116 2.635870566312276
0.3084198690407194 0.35968671968262467
1.7204392995196898 2.3770150215128667
1.1404359748536146 1.5941769777844053
0.6874786996055708 0.9102833764062708
1.300904498374383 1.823717657697216
0.6954102205531094 0.9223931786862634
0.8417414315204557 1.1463441084467734
0.7049462651280303 0.9369627890393882
0.9800862681623586 1.356375198226307
1.2674004267608368 1.7765670538752745
1.5133609470591838 2.112587881346271
0.22074660085734732 0.24704165316492238
1.105915646279022 1.54363022337375
0.06282697363545875 0.06487177311532312
0.9791615917114338 1.3549836206822377
0.0784897609644819 0.08170343642655212
1.1971978491768045 1.676424090564201
0.4068694942649773 0.49455390791958737
0.8755088435368141 1.1978891011086654
1.5411475437048592 2.149051314037394
0.8329996222067266 1.1329804598771995
0.6902077196234593 0.9144491135811517
0.32571208678843977 0.38277953362509337
1.5899783799435288 2.212389523607599
1.6997757189795386 2.3513818241793762
1.8784177493573933 2.5676211838999574
0.2979309978722444 0.34581353525331976
0.5988902557859768 0.7758157388535044
1.8574670398973723 2.5428809816895837
0.5726867395729416 0.736436992855015
1.0969293211509625 1.5304093758739936
1.181322806935104 1.6535333032707766
1.1116505169061788 1.5520541657611107
0.860964437038761 1.1757037202045844
1.6989479742761826 2.3503515689782297
0.6783649018415814 0.8963790366530244
1.586403125569109 2.207784061782214
0.02882160787911725 0.029244417526414188
1.4610434076460943 2.043102245194032
1.590281609220247 2.2127798961531178
1.926291450247362 2.6235509280602516
0.9704259352875284 1.3418272538225677
1.9710155356664736 2.6750530989586743
1.629328343875443 2.2627454108722267
0.5088912053955581 0.6416692120435209
0.09474946086048264 0.09946293672484068
1.1746260769182635 1.6438506671333224
1.4840988110694122 2.07385708525978
1.1553310617098924 1.6158662289552381
1.2745512696560617 1.7866659278007422
1.2899648022398527 1.808368650000999
0.680223422067044 0.8992134857937353
0.5178262354261041 0.6548336252017735
0.19179364842731195 0.21158382938649548
0.6706323897717099 0.8845918430540929
1.9001557583586444 2.5931206901959816
0.581633193864546 0.7498560190184747
1.2032288901108796 1.685097185097144
0.19445522066899334 0.21480565245933564
1.3501253431659217 1.892211582787695
0.9247514403976971 1.2727706005232804
1.229785933564578 1.7231334878768643
0.23794923901332843 0.2685311541194193
0.29274751068796623 0.3389957647426348
1.176012795319219 1.6458569648889552
1.6241126343617667 2.25610591285186
0.2211556068111522 0.24754897048840718
0.9259219222896096 1.2745455034192634
0.4207353337870938 0.5141588873993558
1.086614065675708 1.5152024296854685
0.10751444833267843 0.11361132641463323
0.9083652489725855 1.2478967917960488
0.013523844681017971 0.013616091350611589
0.6531119113129531 0.8579220835812583
0.6746061308052005 0.8906481046403185
0.8443182913676757 1.150282017275333
0.07638900863761888 0.07943024992712922
1.941529011458784 2.6411783134798292
1.5239406187331366 2.126507328985127
0.7075804009595057 0.9409890892230136
1.4056711942703413 1.968379328254553
0.666608005150167 0.8784610581861938
0.25842241048691883 0.2945056549481396
0.6987069149837652 0.9274288490054703
0.8887203550722083 1.2180167570490015
0.10471410068747433 0.11049193175101664
0.5736388204948215 0.7378637089811593
0.6298415837700422 0.8225954347253275
0.41181144888937116 0.5015257177856323
1.5385359944724761 2.1456372974230336
1.8243433568858456 2.5034342759073023
0.9095587900991835 1.2497101466135236
1.1848265874438064 1.658593120617872
0.009116600949454323 0.009158404555393839
0.5038829026911122 0.6343074481831313
0.9311225738832498 1.2824285836807356
1.0579578865254389 1.4727881708995803
0.39780276381976365 0.4818092381074278
1.9641010491484883 2.667137418711369
0.9452548024721468 1.30382344826223
1.430650757652092 2.0022382758922985
1.1535731595521264 1.6133103643848257
0.9832671124267074 1.3611606253299766
1.3017625383598648 1.8249196162320376
1.5510956938628544 2.162031541795433
0.2729940786505496 0.31325108532104334
0.06354576700734649 0.06563832246375471
0.4822963559292295 0.6027261670041923
1.3733059496555953 1.9241446975729848
0.11903136418386606 0.12653248877120485
1.9420400859389346 2.6417680960725294
1.1311528835345204 1.5806222170940645
1.9476186723380648 2.6481997196099263
0.29084287120590924 0.3364970377543669
1.2835262035329735 1.7993137809493942
1.1608937999989302 1.6239471598788313
1.639830069054973 2.276081528708298
1.954333648496804 2.655926716640007
1.1877983092978608 1.662881231003578
1.7779561808948312 2.4475017054971318
0.6715116787763136 0.8859317205939599
1.8897399475484407 2.5809241248736146
1.4732571547344746 2.0594210596211076
1.387089296458395 1.9430330149663557
1.5370959088775664 2.1437535512896515
0.8870834052600762 1.2155242359048906
1.87094629677343 2.558816875420196
0.42790983952041817 0.5243556102045377
1.8572919850096663 2.542673581063469
0.8771558102459149 1.2003995790854562
0.21465251398603113 0.23950377481229745
0.22698210821799814 0.25479515477912246
1.3762915414418855 1.9282423701257594
1.9844384700712554 2.690371201201312
0.5318094362614199 0.6755114493986819
1.3578122815590508 1.9028241021761618
1.9936520858373352 2.700848818313027
0.3604841976002926 0.43001303619219416
0.28544215541496953 0.3294306556101026
1.63029216603609 2.2639711690925592
0.36928416938967357 0.4421277727125015
1.4410202911663492 2.0162215237565633
0.5448215884309837 0.6948316862832356
1.436375807995605 2.0099637210298265
0.050724697393313534 0.05204980453413335
1.382569333933582 1.9368471701603216
1.0538896372042528 1.4667471452549519
0.13871772099280677 0.14896263164298737
0.028539578511670438 0.0289540871617514
0.6378224271269 0.8346975957516217
0.9290689850214031 1.2793163927902205
1.038712907364691 1.4441693755436567
0.9176661595589499 1.26202119930782
0.06600335663323453 0.06826345580902027
0.3490616088577183 0.4143830122462121
1.8439585673394934 2.5268431193701084
1.1571586969904937 1.6185223727145304
0.06434496383417043 0.0664912795222886
0.7828483799963215 1.0562160825971558
0.42115088625553265 0.5147485239412621
1.008598609374552 1.3991829542987302
1.3355468942763902 1.872021851244548
1.9763506296311 2.6811490908409077
1.3492493647779622 1.8910007600529055
0.1459738047268666 0.15733926308128693
1.4260187147556163 1.9959782765682048
0.07654059983537187 0.07959412113183913
0.1533040779215431 0.1658611513978395
1.4153529194701369 1.9815317534062467
1.7929656174785864 2.4656884901658978
0.49660698119196467 0.6236352140041866
0.5006305820339643 0.6295336154804102
0.06578569914563492 0.06803069323548518
1.5783812410966893 2.1974323102610422
0.26277692949274223 0.30008521576225733
0.9126660768885928 1.254429922156827
0.9802237141934396 1.3565820284040488
1.1424600448319195 1.5971286501109008
0.872560232601939 1.193393612615173
0.08781887730108529 0.09185723006866492
0.0920517842701265 0.09649612983649265
1.9173056350095161 2.6131165296262147
0.704598867996258 0.9364318431052043
0.8051598597860434 1.0903829287570233
0.8003076627210084 1.0829539872798655
0.9868836527923992 1.3665986208068437
1.6462982302202307 2.2842739290479255
1.2631673609474 1.7705798568037676
1.2271989197777706 1.71943942161447
1.536246874440268 2.1426425617495624
0.12023639843150424 0.12789302151587556
1.6380169791523451 2.273782177430055
0.718902391131121 0.9583024077112161
0.5094368442305175 0.6424720093556819
0.2465401284452653 0.2793782212714496
1.5848327058516996 2.2057595316411387
0.1988011802971137 0.22008294587487504
0.0662893346943596 0.06856935908470008
1.0446682939491325 1.4530366820282086
1.3727120909604493 1.9233292219899125
0.04099820204790938 0.04185950401140093
1.443588622335132 2.01967833585682
0.3314237286489221 0.3904662240041586
1.9944458264378764 2.701750051438679
1.605791056179828 2.232698156130181
0.7358017340560674 0.9841632150825781
1.9888879678085274 2.695434855963822
1.2186535876478364 1.7072200864149223
1.808780087003538 2.484758713703063
1.8892636006894559 2.5803653906776858
0.32739461574587025 0.38504086168862506
1.3240908802114468 1.856098865629977
0.7339354621413816 0.9813063869498793
1.2423871023006197 1.7410921632330343
0.3228976546795925 0.37900257301726287
1.0315594198671356 1.433505169291334
1.3340382538456221 1.8699278446697265
1.8479951421885497 2.5316426110884196
0.31212434965038294 0.36461090185196054
0.4582573287361924 0.5678622895906204
0.9075576853184899 1.2466697179336568
0.2640689206812743 0.3017443390351068
0.3064474996493849 0.35707011893957796
1.1708506673416972 1.6383850574966727
1.417845863406473 1.9849123919727603
1.2923750595359238 1.8117542688223793
1.760918598387019 2.4267538931457464
1.981251206364559 2.6867397061636407
1.864028248298274 2.5506463674042363
0.41852494514999905 0.5110245324532449
1.744327907227257 2.40644400320632
1.9660320755807499 2.6693497622148428
0.4498633095930673 0.5557697113759699
0.38219822962870964 0.460018637709831
1.2198111538982486 1.7088768843026512
0.9744244044913595 1.3478513424065062
1.7377225424542484 2.398328592443833
0.08255252089613596 0.0861134999799208
0.40914414948478073 0.4977606754711716
1.2423959141968426 1.74110470126833
1.903206559084626 2.5966855813500826
0.7237674318173737 0.9657452652688123
0.2739018632798218 0.3144258648846968
1.9785707911204105 2.683682921425873
1.8831130121357853 2.573143555091638
0.7237447375473194 0.9657105419003988
0.6038372962569587 0.7832746888504803
0.22821302492218987 0.2563305708918536
1.3675578075360353 1.916245678718051
0.2324707205287584 0.2616537713113014
1.9755399871136976 2.680223483807035
1.35202169039525 1.8948317932936352
0.3442379845197625 0.40781561242515796
1.1587651233638994 1.6208560940459433
1.1423788449644607 1.5970102637265846
0.4948036870767758 0.6209944129209215
0.06063654774089855 0.06253929267187755
1.369897806809716 1.9194628289268285
0.7139810861192901 0.950775438431622
0.9100231109509256 1.250415526668249
1.5976518502570038 2.2222570723429786
0.11710601952094812 0.12436206645359557
1.145611565318832 1.6017217525212013
1.9276675103664935 2.6251462430576504
1.9432556996315267 2.6431705438285373
0.0516390841283485 0.05301302548089323
0.009896550011559091 0.009945836782321098
1.891095474322469 2.582513644776955
0.33800386904306134 0.39935734872340334
1.0960407484248667 1.5291007200031077
1.4000790875446663 1.9607657701474337
0.15435592310836843 0.16708889320023795
1.2970216467596887 1.8182749911576164
1.279241185841547 1.7932789283774628
1.7573255874813247 2.4223643369643932
1.8627951403042322 2.5491881609129496
0.705304261733062 0.9375099479776848
1.0309178528168967 1.4325480554986916
0.8674208529141325 1.185555338513817
0.9077671001425291 1.246987929395099
1.0844679096800698 1.5120344184644146
1.2743196048475867 1.7863390558708592
0.0821816176025747 0.08571013335874447
0.9089475994351424 1.248781590939196
0.5153802177262012 0.6512259439160984
1.4427683102720839 2.0185745309123035
1.962561702917313 2.6653728655089544
0.17432621099715084 0.19063155583757768
0.7683283057077972 1.0339751668254498
0.9048065484467498 1.242488607602437
1.4167742166383614 1.983459450172092
0.915312580113512 1.2584484731449084
1.3927214749970231 1.9507297976378197
1.6156898577457963 2.2453613183259558
0.3095531344123674 0.3611917699010479
1.5900769260650232 2.212516394295875
1.3219351265292365 1.8530968934097478
1.2633969288011941 1.77090472592735
1.6618210605043604 2.303867985898763
1.0683380389879853 1.4881800856677774
0.41134055475871856 0.5008606547770769
1.20073706000288 1.6815153077025802
0.7645519984612659 1.0281908248144798
0.6452956023328673 0.8460430354430817
0.7433839228895509 0.9957716133391123
1.3247761658611326 1.8570527793794416
1.3483132075728221 1.8897064263792909
0.09796141248445611 0.10300588401440541
0.4893703015850934 0.6130480070767128
0.25353596541187473 0.28826730080938123
0.5671292314981868 0.7281154647684532
1.5664227079479227 2.1819533449952626
0.021695380828316235 0.02193396435014623
0.07596753143168566 0.07897476305915506
1.3638466746640538 1.9111390494807976
0.3653696958870316 0.4367310242284661
0.2720547303997094 0.3120363141660631
1.2332436337672494 1.728067031266722
0.7627125619211075 1.0253733215165541
0.6591829781303442 0.8671571305167368
1.0069682343044528 1.3967406010036103
1.7515304739846003 2.415274110001584
1.5009386506002533 2.0961874604101864
1.0120318627097702 1.4043238440254988
1.8829545450125131 2.572957304594917
0.9344442217208171 1.2874607876383686
0.8902282071046936 1.2203123525014188
1.5037687625586111 2.0999292737818256
1.798032470379151 2.471808723880485
0.05674454305917931 0.0584077668127203
1.3024050929103672 1.8258195354916644
1.3889089316780652 1.9455210384549368
1.928097993953513 2.625645177500095
1.2681021084572757 1.7775588586235433
0.10425128627056024 0.1099772311798321
0.31982071483383323 0.3748814660221988
1.3122063565680773 1.8395270482469406
1.2952909377738997 1.8158471809976933
0.6533751380690436 0.8583223447966644
0.6133424321542269 0.7976261122730223
1.196048646752086 1.6747699896074608
0.9845816848185078 1.363137637175253
1.4113440299193405 1.9760902342558513
1.5360428914568458 2.1423756007222696
1.298850076287888 1.820838648262575
0.2370461692399488 0.267395348809375
1.1100865182846629 1.549757845885102
0.6588908470564379 0.8667125926282673
0.10029971085997613 0.10559237381999007
0.5322578954865076 0.6761760871722498
1.0012482968580623 1.3881666113834745
1.5891896674515216 2.211373977771884
0.8744313752545485 1.196246513933967
0.08639855211464287 0.09030513182339524
1.1297379811551924 1.5785537495861028
0.03516437137699291 0.03579599616955856
1.843799277378619 2.5266535993212766
1.1207307139673592 1.565370587612702
1.9657808548615254 2.669062018079676
1.4999414487363574 2.0948682597100885
1.599662212799555 2.2248384203087928
0.31691115358130606 0.3709924065218556
0.9056330734714875 1.2437448730356975
0.6005611751784585 0.7783342654503453
0.8664144932708548 1.1840201060556033
0.4393300274798517 0.5406580037376177
0.12633192069777355 0.13480000122488012
1.1165768698635894 1.5592821149803764
0.4217966736708676 0.5156650829239698
0.8273058546576657 1.1242728539542215
1.0843564023430028 1.5118697804519292
0.6763669510680133 0.893332523969762
1.0236363932037658 1.4216774992105048
0.9894537963995951 1.3704613008984776
1.2765405893434594 1.7894719689280598
0.18533678096310124 0.20379987925764265
1.1210402610374421 1.5658240817315052
1.787130789573913 2.4586286135334894
1.315278231360219 1.8438156610286378
0.3258686577266845 0.3829898593600394
1.8446189574280838 2.52762873789048
1.2022629080908385 1.6837088974100658
1.912789602867238 2.6078614392313564
0.1282641171941179 0.13699809311011285
0.03532886370268051 0.03596646930123694
1.8543265533567286 2.5391584891383143
0.49685926239853373 0.6240047985379424
0.367770691842658 0.4400397257376235
1.3246850952437985 1.8569260199835342
0.41527103651120467 0.5064166632948791
1.0835905401963661 1.5107389004008522
0.14618775424058494 0.15758714414468006
0.4469526838100206 0.5515868701357125
0.5626497234894019 0.7214163693903768
1.8639932173037437 2.5506049494007472
1.8888130930224682 2.579836888339116
1.7603652304260746 2.4260781679771144
1.119709026385853 1.5638735704687203
0.7112266846849926 0.9465636107204782
0.9947921270830618 1.3784791792385194
1.8799896626303159 2.5694709033588814
1.8035399055102035 2.478450158871298
0.6058901677691264 0.7863720503661231
0.9702705133017604 1.3415930217527716
0.19622207042544226 0.21694866619779468
1.256003853673341 1.7604327013458347
1.5714880076779965 2.18851670342858
1.7909119096664563 2.46320506405657
1.985361614183499 2.691422339989287
0.3640027138748074 0.4348493399829265
1.344399374560312 1.884291474383099
0.944831003096148 1.3031824381194577
0.08758148736133631 0.09159766017008103
1.8241025178218977 2.5031459657050616
0.8624239036117072 1.177931110708541
0.6962065682057741 0.9236094739270632
0.12214803064164959 0.13005466398070586
0.14885198163413538 0.1606781815949512
0.1299643829948567 0.13893579125378186
1.0399997804687315 1.446086309656327
1.6911886785667039 2.3406810339254704
0.6934788934896547 0.9194437030201985
0.4592606020723713 0.5693105200374026
1.698196922777289 2.349416540746587
0.05385876074228113 0.0553550050542767
1.8732044484081953 2.5614800309165213
1.2676791061616641 1.7769609803306998
1.5820114013715738 2.202119958438869
1.703715658512068 2.356282049181001
1.7959731590631935 2.4693224572366033
1.2918144639070879 1.8109670123602506
0.9739884888165677 1.3471947700151867
1.438495838220944 2.012821227889936
1.8535522274287657 2.538240101298548
1.7356886637669873 2.395826383558405
0.0753872310156325 0.07834795756678596
1.4770688495080782 2.0645017696292753
0.572437062191947 0.7360628989152753
0.10051929205837795 0.1058355747412077
0.8193302468447603 1.1120714324555672
0.8779027221457967 1.2015379781802409
1.3996665526470615 1.960203624287279
0.747700291456892 1.002381138601499
1.7055143618285704 2.3585171564748397
1.7469012627815068 2.4096011291542645
1.6069519747799141 2.2341852717005635
0.14940043831252536 0.16131548299873436
1.0775493480293414 1.5018121815181438
1.8010373965606412 2.475433790890797
1.9258296297133222 2.6230153700133165
0.7260124594897635 0.9691804541058053
0.5025041423663956 0.6322830121969862
0.02085103941197719 0.021071303143692117
1.2565933770843536 1.761268483998073
1.4848469865534029 2.0748515866969406
1.2733682407740663 1.7849964996254888
0.04615781087820836 0.04725250219911846
1.1737176623531402 1.6425360168425942
1.8436174526654474 2.5264372563457087
0.25566436667270875 0.2909815850723544
1.3084481814351796 1.8342753974602408
1.2065331649247526 1.6898435050983887
0.564852112217624 0.7247090987827338
1.1695098495824316 1.636442792167528
0.4096324299391263 0.49844952976472
0.6644618472481341 0.8751927169751665
0.812502328831368 1.1016223965788081
1.358349827076182 1.9035653745494499
1.9147293488016668 2.6101195346853716
1.0514240913676263 1.4630836941531054
0.6089237077246938 0.7909512675915094
0.7108715638536416 0.946020637467152
1.452756136579211 2.031995957092338
0.9172289170691466 1.2613575411438767
0.3853449172671011 0.46439779655130803
0.0644441485794931 0.06659718487802452
1.0883444359627075 1.5177556610098368
1.0949803912561082 1.5275387455763771
0.6767822658957907 0.8939657533312206
1.8395221883411546 2.5215612762729775
1.5567954497095915 2.1694508521074822
0.7916807394335172 1.069743458745594
0.7055705109208039 0.9379168896274765
1.946194173716287 2.646558457841038
0.4012563560567495 0.4866566733395367
0.43612760329117073 0.5360778090750864
1.2129421013067818 1.6990383097930812
1.4751839069765715 2.061989999100785
1.468807189116545 2.0534822954082435
1.6243971914907571 2.2564684240786153
0.24541749359088638 0.2779564362213085
0.948500085433136 1.3087308180613193
1.4251638890612066 1.9948220923738946
0.941013396397909 1.2974065383990792
0.8990548666688898 1.233743309484694
0.31693625575336837 0.3710259264467584
0.7825606171922219 1.0557753261850906
0.23285759589121202 0.2621384036532771
1.265921457010708 1.7744759757712156
0.27012944710987385 0.30954925015788015
1.1034877071853553 1.5400606931243148
0.9949075746639675 1.3786524980976753
0.06054962554521359 0.06244684122145827
1.7223063012120667 2.3793229276809043
1.7108355714493388 2.3651220864410156
1.5796925753669149 2.199126244844513
1.852319624404532 2.5367777165961387
1.627558474410576 2.2604935981019354
1.0066110424652128 1.3962054256730956
0.5726124482780137 0.7363256791848163
0.6844235528464786 0.9056210163488052
1.8265156533011264 2.506033767946204
1.7521924283266328 2.416084649005079
0.2668616226799103 0.30533631445245857
1.8418536075823757 2.524337918750504
0.8511040695658127 1.1606487407710602
1.655619155932118 2.2960507782574826
0.5229292468853031 0.662369293385386
0.6548415142002786 0.8605523576515368
1.8523357835385226 2.5367968917549324
0.3592130267875968 0.4282682741202287
0.37862944741647064 0.4550613735167821
1.4720610184026302 2.0578255103046166
0.8760864048899664 1.1987695220393102
0.8831343434242729 1.2095095338241695
1.545994457751253 2.1553804074985514
1.9952981434662729 2.7027175468866598
1.8302210140646633 2.510463742638022
1.5617048797711246 2.175831093913334
0.33117925950230775 0.39013662752061484
0.7808969722959529 1.0532271526067716
1.9961606609797706 2.703696361129909
1.2610482289944693 1.7675800770119372
0.15580989832508885 0.16878803770848572
1.64064565050532 2.27711542497371
1.739692448207718 2.4007505856791127
0.5207608678578755 0.6591657303020053
0.36000064299505663 0.429349170136496
1.434234124569878 2.007075225655769
0.7878645808063847 1.063898969887517
1.5496527848646717 2.160151282141771
1.959838811076307 2.6622495460338698
0.7167295269289531 0.9549788302699039
0.24119928953574066 0.27262578934540505
0.3403752747970452 0.4025708514454724
0.9057476111591092 1.2439189540539481
0.9629140361761204 1.3305000801128353
0.18609876981966922 0.20471611177768384
1.2378996528232555 1.7347034836454678
0.9556268006797917 1.3194997923187248
1.890978840519311 2.58237690389024
0.741265260329248 0.9925276487313006
0.7136681066642756 0.9502968183720096
1.7937426699018477 2.466627717931491
1.6134283623692058 2.242471670933014
0.3204526430878438 0.3757271444436198
1.4479497073951078 2.0255421068104082
0.28951762913941637 0.33476047730724834
0.22049212298781384 0.24672609669599216
1.833406437664062 2.5142680057662834
1.7322738873044783 2.3916217358766874
1.5666432146115437 2.182239277605433
0.3624070732000877 0.432654828901929
1.3869505001905496 1.9428431828285322
0.1226625350913062 0.13063715529429998
0.35684548279696493 0.42502222864752776
0.025694808087204146 0.02603024980570386
1.7194774253658882 2.3758254706947035
1.8968682223201216 2.5892753736296954
1.9035737478333952 2.597114416512017
1.4217064313809868 1.9901428092523081
0.6545827722258346 0.8601588414861159
0.7853333857714548 1.060022218670306
0.7983978669718479 1.0800297246118706
0.019824603041952438 0.020023592383384203
0.25971526355548513 0.2961602313375552
0.937633661990277 1.292290677044829
0.4345125411846451 0.5337704599851022
0.22458927303309073 0.2518149496283372
0.9695330527046442 1.340481541263163
1.6944741545827517 2.344778622846426
0.273078400900185 0.313360173967718
1.1294350185584068 1.5781107587471495
0.3258866116616421 0.38301397873650095
1.3151372044619554 1.8436188538270142
1.4618653098633079 2.044202245243703
1.8501721904898947 2.5342286134291863
0.37061313751690594 0.4439627832122163
0.06367263234586451 0.06577367518015186
0.2584563757975138 0.29454910175779325
1.2430753904781704 1.7420714105029453
0.09328872993205195 0.09785547327017456
0.5901388119592139 0.7626390191048362
0.21589816506092974 0.2410413316771638
0.1492914608324971 0.16118882553359243
1.4625500950753036 2.045118529218158
1.289862615890761 1.8082250632673484
0.998891859550235 1.3846319971185972
1.2749842525569188 1.7872767994702219
1.2165499436268827 1.7042079538001436
0.010665817854904391 0.010723092458709518
1.0447170704379662 1.4531092671003187
1.5754879631490373 2.193692474143412
0.624938170302419 0.8151674763341075
0.21054753004763183 0.23444854416935362
0.14508698913839058 0.15631234633142316
1.0871836433930158 1.5160429658280183
1.5095357313918962 2.107544198758975
0.6184047820344252 0.8052797848829276
0.5385906926111672 0.6855710436907893
0.1196508347403058 0.12723169341208593
0.7400769944376122 0.9907083381672519
1.5304176705450598 2.1350071402603206
0.870765606533686 1.1906569427820446
1.1983161899278865 1.6780333226571735
1.6588581454989482 2.3001352446838346
1.544441903423553 2.1533540975615866
1.6743820013459294 2.3196545045626813
0.0022142632948287666 0.002216718376595852
1.4810749073012532 2.0698353433605323
1.387222536223971 1.9432152403589962
1.2441142010107775 1.7435490266269031
0.11938063628350037 0.12692666405345282
1.9173201839377485 2.6131334475713155
1.5186445571156828 2.119544963389751
1.6698599036091257 2.313978239433145
1.2232503680673539 1.713796500078986
1.8931463623112932 2.584917282990848
1.1822937896746537 1.654935930228397
1.0079394537272588 1.3981956002204436
1.6073172566221436 2.2346530813253525
0.788873010841908 1.0654434288503907
0.6415519498965283 0.8403580577778063
1.8006261858179988 2.4749379175623085
0.8566425265028208 1.1691062993872083
