2 1 0 1200
x1 x2 f
-0.8783779391264195 -0.5227238086439234 -1.3338400267557362
-0.7655893740459374 0.3784561927926384 -1.2878507721761496
0.3004523084210906 -0.8118878663626425 0.4073071990527163
0.8136220880033613 -0.6192568967362162 1.1836481874005345
-0.030090366434481375 -0.3735982235735984 -0.05602101957812674
0.016097917808663542 -0.4147894637057743 0.0294643943315531
-0.7662984438552549 0.0851238889270931 -1.381924252498921
-0.5852067796681479 -0.872296044389214 -0.7104273292383336
0.04445097270316478 0.7747537992240299 0.06350781414970487
-0.7030626080350775 -0.20857253289773037 -1.2650891162050457
-0.9981583014259798 0.5804194802684608 -1.405664479633598
-0.7229980171356114 0.12741280928343324 -1.3125447777423425
0.8446587826052616 -0.8924551975711852 0.9384228528736531
0.7842667124733251 -0.6287759282766157 1.1424476521728628
0.12032688120118018 -0.04062867082057853 0.2398753466891346
-0.034888160776196164 -0.9410555918240979 -0.041085399088975766
-0.26259864835279845 0.17087999117236174 -0.5116203549061628
0.18146721606638105 -0.5775558493642912 0.30240023373231106
-0.21908898739570493 0.6985165822918895 -0.3328773670687028
-0.3510363056058017 0.7241360497863742 -0.5151684660591329
-0.3931009724273036 0.58373066867147 -0.6392511357594826
-0.5897995472098994 -0.5718918661598609 -0.9353839691821431
-0.16962357447325016 0.40766671696744305 -0.3099539551090062
0.2737604287152844 0.7530640678387626 0.39449846543136474
0.8028016615754605 -0.9113636402216769 0.8813914026395295
-0.7454094997391576 0.7787957761274502 -0.9655347588730757
0.06870708587248986 -0.21191358354273615 0.13423457588870583
-0.8311298553021589 -0.0381809478183428 -1.4763100985860418
-0.7380460340844894 -0.5173121827924063 -1.1696062818598028
-0.8942251854232492 -0.957603321102817 -0.8974339629336889
-0.8929229978775055 -0.6549368901843649 -1.2354829470626136
-0.5657022245517116 -0.7307915556970599 -0.7982739066638018
-0.4481828638169152 0.932456505550495 -0.5164089346570371
-0.5126257707525723 -0.973850417454942 -0.5514020413652002
-0.23543911052364863 -0.8247131841088882 -0.31667225023704665
-0.5408746554558648 -0.18512249468340825 -1.0121770069146907
-0.8266579074145923 0.7103033212524741 -1.115519869209492
0.9499213108807103 -0.3915443883523759 1.5036291169026532
0.2544564594581198 -0.38801671607728583 0.46601380817043186
0.029941675570339443 -0.13252763470201545 0.05934936880396366
0.26871615422776096 -0.5522693475995137 0.45204909214154043
0.5040734460960639 -0.7467352627341599 0.7089520081202046
-0.9852618421808392 0.07009069637261445 -1.662740993797326
-0.19311825952849948 0.03147465605611788 -0.3836501210482103
-0.31047690763733815 -0.762671317554247 -0.44176725856327476
0.20271577658443385 0.5389200129742298 0.34558876364237545
-0.2436817943225802 -0.45502399751776634 -0.43345485509080556
-0.5886467280580501 -0.5581934757642291 -0.9419171941493505
0.9755637631807828 0.3103729724982329 1.57691037808848
0.04403956680678278 0.42194340461801416 0.08032816147088798
-0.12199724347215413 0.4571647682615907 -0.21839542117221414
-0.370300567629154 -0.4784997335884169 -0.6424999098805801
0.20099473275313118 -0.7597305560659744 0.2894926268414774
0.16489342824263553 -0.4419162437086839 0.29675641445183865
0.42863122062188297 0.03565853748362269 0.8307240516835
-0.3016680553724784 0.3951258070446253 -0.5484404288325756
0.945605412035142 0.3956658596075444 1.4964102568732798
0.3845382843320848 -0.14556333900581242 0.7423278471179025
-0.9061384331836848 -0.23809236911375753 -1.529845383791155
0.030434451663162054 0.46590069573491677 0.05437293712659441
0.3642670985590397 0.9274046316094149 0.42745512275776526
-0.22876960789241996 0.5002882604274592 -0.39797252507597125
0.19461448723127206 -0.18211366922213723 0.38038053652347
-0.9031945129182544 0.8052594986238577 -1.0883186693758626
-0.5579419751279453 0.42368242936998324 -0.9652576613963391
0.1405002891363747 -0.563781773291707 0.23673233386120576
0.05342216042576364 -0.21580836282775784 0.10431628358532784
0.5507336839754504 0.6056474476877158 0.8604657824973844
0.9572020537144861 0.39298616309799983 1.5105179629222583
-0.26914294210124945 -0.1535844919579068 -0.5255507551355171
0.4162201193511301 0.3908418809830785 0.7476338194471922
0.3455295288201885 0.7441539624771238 0.4983294956186307
-0.13666384461906955 0.34942249568434036 -0.256011992974707
0.7195091650541379 -0.3189509974073901 1.2515560962412142
0.6562822854286292 0.7601413153428522 0.884435760418126
0.9506378214969775 0.003677168948593934 1.6275616949176799
-0.978097923644375 0.23455451212714507 -1.613449441574109
0.46722918708766614 -0.2753860858336694 0.8668854067154157
0.9532476532221463 0.12846229829449696 1.617164582167856
-0.12075378381755897 -0.5165359479381724 -0.20948935017639847
0.5906012804320049 -0.7122193862568718 0.8429903570372579
-0.9309670643610515 -0.750604820597899 -1.173256612493719
-0.23905738044739877 -0.12943864979398167 -0.46961215926254596
0.04243709823566477 -0.7078408264229201 0.06446530515676498
-0.18801555197856334 0.3872640879224247 -0.3461366511050185
0.2600626743678227 -0.25658183359555986 0.4974462194393929
-0.06434882371223383 -0.08438009180401762 -0.12815127199468507
-0.6221378376523368 -0.1349458173829079 -1.1549511098588605
0.996422168114522 -0.4759439376810999 1.4924547542182884
0.7783609345053704 -0.3793915386319302 1.304372154055749
0.9849784305517886 -0.898203685233123 1.0382689407876955
-0.3388657365389727 -0.077773775281897 -0.6628253906804811
0.9665794179647076 -0.8302945291042936 1.110416514818101
0.03711334490885809 -0.9522828978032061 0.04302858350421492
-0.28784646146382586 -0.5068032987126843 -0.4964068088831627
0.8268786279401186 -0.49746120851211906 1.2932748426921576
0.9837044644008313 -0.18576593339749858 1.6364621718079166
-0.39317360590989403 0.571785085276614 -0.6443620797589692
0.15370189601665074 -0.32437299233000516 0.29022702342111384
-0.9008493162417508 -0.7806156794608603 -1.113826631050995
0.6401834482702087 -0.8800893411952058 0.7611127419619057
-0.5112268263055428 -0.6197526619784568 -0.7965167362871798
-0.09245319859709311 -0.13503488747714787 -0.1829622188360747
-0.607733895488388 -0.15066763526056803 -1.1290793527910923
0.31850121665688835 -0.26027188642310084 0.6051937010215129
0.45171840632786164 0.843487003523173 0.5804409566831005
-0.7627097063340638 -0.3425276208619774 -1.3014974643324573
0.475531464103631 -0.5790324101397877 0.7663687820498666
0.22696885461573557 -0.9544165701871348 0.2601672995940796
-0.01859086752946304 -0.5446644598412715 -0.03179975049619949
-0.7484708299708036 0.6150415822294906 -1.1116271865045901
0.22217514309712816 -0.34834058152900704 0.41423517226954937
-0.9428035137671906 0.5909129343053634 -1.3439857724072928
-0.5450458829204028 0.894436323029808 -0.6490655428053577
-0.7955815123094678 0.30041693457168894 -1.3645616088405688
-0.09960599040780549 0.002274294554049261 -0.19888222109279105
0.17321971643012657 -0.6348589690641866 0.2775447287627349
0.8360765317480499 0.5763863891782002 1.2442725274519695
0.32886823581476166 0.5053435184523081 0.5652065309798971
0.13305678789559572 0.44727648646973606 0.23922820869678404
-0.6971776786139732 0.6905603307249439 -0.9899088628746103
0.8511032654146031 -0.7079629457062666 1.1425832192645378
-0.8592873412754105 -0.6587908174766133 -1.1977666518476737
-0.2524387629466174 -0.22214080269957281 -0.4872578426000551
-0.25082177205775236 0.14263129407705888 -0.49135945095699246
-0.20916970813041846 -0.6189626440964253 -0.3382502379371418
-0.3025361460645226 -0.7489179436574391 -0.436441127057735
0.4311481009999647 -0.16503863049930856 0.8244709978813476
-0.3611028389446804 -0.29773456114471686 -0.6755238696125853
-0.8812741825538113 0.0519461497067113 -1.5410187152019166
-0.8469563621414593 0.4119817156099974 -1.3731524599766625
-0.18744597769698057 -0.09371041070703523 -0.37106517850040005
-0.8794385843324151 -0.7259056096949088 -1.1523337775011224
0.6620875712149543 -0.10292290082793287 1.2230228282672635
-0.4474397299603208 0.250020888776203 -0.8384123506126909
-0.07242308889461091 0.1973512740375154 -0.14191048893148217
-0.8640706731367618 -0.4442948508047766 -1.3733179601743117
-0.5749662955897252 0.6110273951668339 -0.8908192520356897
-0.4412782004972562 -0.09925740162655461 -0.8499868359667345
-0.07278097873382783 -0.4024848728485555 -0.13381196540425538
-0.12984839829009243 -0.26943862469337687 -0.24962420949736974
0.6799623561898558 0.20585988969200608 1.2309755382056315
0.6150063880088994 -0.5876827651762488 0.960330373342711
0.23321164286411022 -0.10635258435174899 0.4595953040621276
0.216476714766759 0.7354328826477858 0.3185507917749502
0.6857962572365732 0.4497033349658883 1.1406506841518742
0.8388714179120811 0.2351503610752046 1.4468340363346786
-0.3903620154198686 -0.8529739727365722 -0.5005752104703646
0.5249347131643987 0.09545095426757344 0.9977505051520851
-0.6575460638183834 -0.7851944518032055 -0.8645100353581961
-0.32230538807708653 -0.5827930062779825 -0.5289341772672135
-0.8423236474841269 -0.6969516928246324 -1.1443637258759216
-0.02617238726914417 0.6270692027955027 -0.042381378905485795
0.7655989183897991 -0.07758579603324267 1.3817685739750716
-0.49963090065815496 0.9652095391492255 -0.5454519987033066
-0.29632345483690226 0.24771781486573374 -0.5661845196271114
-0.9290508504666795 -0.5405374805042169 -1.3736958388932272
0.08752447419704401 -0.023870939448922934 0.17477573192606238
0.03619566378415229 -0.9196690578539297 0.043865603795189216
-0.8083591076797689 0.011393680992334954 -1.4462157382013647
-0.36912245347665573 0.5128391912076922 -0.6287647438393742
0.4671337858369262 0.5778670272533737 0.7544178650059241
0.5008706700641548 -0.735213659350078 0.7123009738844396
0.18530409069610054 -0.5809028203333635 0.30804639308826626
-0.5477080218010055 -0.7102474993936119 -0.7896383842535715
-0.9336972340028269 0.8088819045372695 -1.1097730820775995
0.8486188234825811 -0.9205477493360201 0.9085221403148371
-0.001127639448487816 -0.18780890435412 -0.0022156208938717372
0.8558375471401567 0.6723583436692016 1.1815442139955827
0.6888882232611142 0.5660335262843328 1.0730709403523595
0.6582537587258634 -0.8918541488460485 0.7683043850704836
0.734246797303908 -0.04349200160077138 1.338789238177701
-0.2949319784568427 -0.48109138887687175 -0.5153607877977394
0.8015024922885661 0.045997634758751405 1.4352844400122728
0.9787121465997226 -0.3428267338379669 1.5629859677870435
0.1479456618823991 0.9280530073711413 0.17670908238426206
-0.33211821754936555 0.50363384727853 -0.5711251354178637
-0.5018879886054801 -0.8329027293504625 -0.6472768515714499
-0.17645418237064647 0.022825363208156313 -0.3509883981065481
0.6909335620898269 -0.44235454530516694 1.1518371026820633
0.24644451919659893 -0.6561900216716896 0.38658593604153174
-0.7223551570917583 -0.9598849785271004 -0.7584940377218213
0.1590092075313052 0.4111744250837275 0.29028535625008833
0.937482866999247 0.8074897866079729 1.1144968944519729
0.08239300029568986 -0.4934110913726393 0.14496656856943163
-0.51701984306543 0.9049217546083341 -0.6106945378466645
-0.13879666985977313 0.9173712983778348 -0.16821031931474204
0.160863839085426 0.6702017287543547 0.2510507911790074
0.21028467082680335 -0.039670883684779445 0.4171481516422497
-0.3542828345807909 -0.771228898448183 -0.4975180826214567
0.013948667543493665 -0.433531533308005 0.025315672850625394
-0.708878723759844 0.6495837506326334 -1.0368019703565003
-0.7895153566879529 0.520273266207361 -1.232131335448147
-0.6495295760514039 -0.22569095316025378 -1.17894728648577
-0.06998018674093887 0.7423718823093497 -0.10304804536846718
-0.049483591687945694 -0.9211983263104921 -0.05983749023628267
0.9108389751013521 0.3294393972906653 1.4950684713564912
0.32757002363944676 -0.9512856674588512 0.3736319172083206
-0.899977015635754 0.07280490698308761 -1.5624750866562533
-0.29994206337547324 -0.6243376258471525 -0.47945111621177683
0.37793823540676863 -0.20332748856309402 0.7228070448519249
0.7561633450606768 -0.23951525860816747 1.3330967717975408
0.9036776455794526 -0.20657766389678955 1.5378091078116374
0.058874479390572665 -0.19355938084155233 0.11548334880860762
-0.8206979240927326 0.3758196648783301 -1.361119550956704
-0.9573716552816387 -0.44919379897763245 -1.473130565986789
-0.629596009619455 -0.16418394113512402 -1.161799771008311
0.5295552824599805 0.7275541414655837 0.7544946953177839
-0.057312183210705525 -0.9638366381790968 -0.06534283888668735
-0.6345786628483951 0.4210883447930083 -1.0821012829455112
-0.49365917295857753 0.6928137119418625 -0.7292116563161779
0.09982548435841165 0.026027707017817425 0.19925203281740891
-0.6329920805078733 0.3215488603429748 -1.1224812431342037
0.3469005060611212 -0.6255833980485739 0.5511977216384
0.6753078161277806 0.04242879084781159 1.2491499972913316
-0.22272641163802676 0.5253503202379619 -0.38220436423356063
0.9449314396623196 -0.6128355016255236 1.3259402800796523
-0.09051761288055071 -0.4211661605725483 -0.16498954442631003
0.3991216489809182 -0.8261506190732668 0.5267296863494528
-0.2359421336395442 -0.4028908605088666 -0.43008470662060094
0.19803210328557674 -0.29940013725410886 0.375976017337174
-0.32902225744181 -0.9276408169139441 -0.38756277149306295
0.4182828254119879 -0.23136220246478767 0.7907378230732157
0.6384538487112912 0.9993905558710183 0.6446023796928544
-0.8010762421579036 0.8353841053537634 -0.9635437593538362
0.8662611024817763 0.23692620600460024 1.4812557872573493
0.9166919053739853 -0.8719126577554672 1.021137696721405
0.5701126586265666 -0.12547724148342287 1.0709671783714978
0.2233371716165844 0.13794875261865314 0.4387621271575362
-0.1819575173736172 -0.9159486960154191 -0.22041723394788532
0.7072595569728857 0.6887890471084559 1.0032398907470546
0.8246725496159937 0.5781049829748124 1.2299947985056212
-0.3210487977994301 0.9470074611228922 -0.36864871383915143
0.08234913161721491 -0.2635859620874528 0.1588302389537023
-0.5026661855296386 0.8039883625566644 -0.6685338496024371
0.3910706801157029 -0.7818992944114131 0.5409505983592191
0.16045719191348318 -0.5198842633654255 0.27732052018723335
0.9820861657498823 -0.41110838489436996 1.5247252013926456
-0.06603636809479219 -0.29892776410236954 -0.12612396750552926
0.6417210258045993 -0.22414428945856923 1.1672028595678472
-0.35497794515214154 0.5182886991703011 -0.6038454800101124
-0.38070204749997627 -0.9367470604767907 -0.4402477109817257
0.8460330635664359 0.00749373207670323 1.49727073770108
-0.1766875388872864 0.9708634804264835 -0.19847453922335168
-0.811258807118362 0.7681268803130592 -1.0430816662103666
-0.6557726775468633 -0.17591011726664485 -1.2007232660133884
-0.8431673998846456 -0.24859544413679302 -1.4475950448982156
-0.4686888760924832 -0.13676940377696134 -0.894997285093637
-0.3940357000946164 -0.4640636513649752 -0.686630410352993
0.6014234964111664 -0.609679102255551 0.9277491594024929
0.5796695099336822 -0.6469672016040653 0.8741124307215218
-0.2900196214458628 -0.5513469633620036 -0.4871915139401454
0.6725182652899826 -0.8757585090859636 0.7979025086401269
-0.818932074195295 -0.24092374740585432 -1.4186418791860813
-0.07848727577879933 0.17159157138709125 -0.15451051162010754
-0.7427199280570718 -0.34911210851200436 -1.2709955546974068
0.7306220493876441 -0.8723688048151985 0.858209234916971
-0.5244044431896124 0.7366536666285899 -0.7417542156760526
0.434061404553056 -0.14561866636926402 0.8322159424097556
0.35599189369578466 -0.38325092788096216 0.6464729074476644
0.41284977526229505 0.21276468134444904 0.7843481918824918
0.9020837402938426 -0.5498357323116378 1.3379511205073782
0.11138405882585412 -0.40294932708583153 0.20450280733915768
-0.3189924328285596 0.37433350833752543 -0.5837859441308366
-0.07680924588131965 -0.4780788939515319 -0.13626077546575607
-0.07471182436642887 -0.7291554194906948 -0.11132716137124342
-0.8293829443067668 -0.4063740031928631 -1.3549033960947068
-0.012973779616671344 -0.683623426341549 -0.020116298987291174
-0.49038092298007196 0.8260796374424297 -0.6384016693804219
-0.21136823010349892 -0.37076364634328685 -0.3910846091569983
-0.646298042457405 -0.7353751398300092 -0.8932101158784741
0.30552933315352715 -0.24896050789802637 0.5830483070762055
0.3278057344363501 -0.6363503507090391 0.5178957813045079
0.0997121076777785 -0.8171800848670294 0.1362360374772184
-0.1659113487832118 0.06976794049131296 -0.3294989092227028
-0.6994407147041335 -0.7313229325953512 -0.9583346185701732
-0.8540891293208845 0.2703607179290404 -1.453169042009914
0.9014965092560512 0.6455109247507158 1.2529160575516212
-0.08082837148548627 0.872995326574399 -0.10375692892663796
-0.9502450801920785 -0.8210425388082188 -1.1088122267812717
0.4328777743085932 -0.2974010286947706 0.8021400695017138
-0.213788482522959 0.15682879195661426 -0.41911976041143745
0.6796319236234651 0.8011943213687092 0.874692199052382
-0.9618593552317671 0.16472684137023674 -1.6183057370626692
0.5664346134016123 0.4386310561431297 0.9716530923101552
0.19453992920231888 0.7278571076001399 0.28865886660723805
-0.3780211487616627 -0.575629916689028 -0.6192086431806294
-0.6013914735897845 0.7127457865974811 -0.8561191447763474
0.01314163398628998 0.4447038129721368 0.023726225021797397
0.11946094713379729 -0.7227812319904698 0.1787581128197248
-0.4402747121154955 0.670806957495329 -0.6676834177886032
-0.16702193627559292 -0.0019978062498746674 -0.33249227434606504
-0.009920704740042918 0.08138532748348859 -0.019775410856815973
0.05741858320353144 0.2771536203504037 0.11039408557722827
0.5509259157614639 -0.11927331722826673 1.0395145258008676
-0.35284071860834865 -0.8773405362143929 -0.4417692464555753
-0.06162183193768689 -0.4124566442817523 -0.11283686090081049
-0.883697733357538 0.818616831214912 -1.0563989054593108
0.9017221311145485 0.08078379272489 1.5636762795960448
0.1702494996116961 0.4970088520241094 0.29785915007228697
0.28863800761375 0.9134877576545535 0.3478318478705932
0.3438714662641391 0.5717637414470784 0.5670249727944109
-0.475577731681156 -0.4559589026012141 -0.8221552168656094
0.7618909138847545 -0.376202630962317 1.2840326674315887
-0.1888289922258395 0.1765652539926692 -0.3695809723134256
-0.041973193552194754 -0.6469014027290019 -0.06696578948338947
-0.0004228602074365373 0.5950783566540547 -0.000700344925299186
0.81270113819118 0.9624233344491868 0.8300340885778705
-0.8978986426816356 0.943984574308065 -0.9174107997674434
0.6371987199667462 -0.5617165080614184 1.0070560169916738
-0.6186904194134888 -0.1543475697642258 -1.1461483571797253
-0.07380018310767 0.034923926677391304 -0.14737649744695802
0.4813284365533126 -0.33766477052154453 0.8736285945355468
-0.4120770389759827 0.1031644299227168 -0.7967678806918941
-0.6389382760214541 0.9436080190180798 -0.6999528257150179
0.8433502114043026 -0.23207151341506038 1.4537057740522865
-0.5696950575679962 0.3734248794952082 -1.0044067521123097
-0.5551515554204263 -0.1445397494826386 -1.0431519068271446
0.3517286276427196 -0.6816731102597253 0.5350547982381147
0.4052081843507678 -0.36259426192977307 0.7371569378916498
0.21123337485833793 -0.8971785794446943 0.2615867005186784
-0.29182373370511505 -0.03700407818627971 -0.5750047582402092
-0.1849050525344973 -0.34894965972400116 -0.3455456109871753
0.5551378761974968 0.6798695977475211 0.8197421216654022
0.7656980850854262 0.09713432677011458 1.3795470817205855
0.16187703427402056 0.039875249639562904 0.3220857349899201
-0.889267582171156 -0.5369500826072058 -1.3346405787292668
0.4031935132803117 -0.7392178714317073 0.5799014227803704
-0.4080651138253262 0.2705462601560844 -0.764798477271567
0.5566717753558976 -0.3875094294640651 0.9783737693863892
0.7735597401148318 -0.525670835404725 1.2087100230890822
0.45257841255281495 -0.06742060573954545 0.8725846730766036
-0.3403399527819837 -0.24009548274801018 -0.6484647727470503
-0.5405474409165003 0.3478204819809796 -0.9675795387684263
0.8297677286410101 -0.14164516591088816 1.4607716935892106
0.44796821943075593 -0.00013966794188124965 0.8662702448436931
-0.2014686484734307 0.959349331172392 -0.22974571201421334
0.09120759263945466 0.0045139494265193925 0.1821605212791685
0.7044891097822954 -0.02726479548386762 1.2948078810034138
-0.8328687056971746 0.017975036376626896 -1.4794896588373887
-0.49036598461653913 0.3062104208348937 -0.8980830912785994
0.8205959405872838 -0.9382392478255825 0.8650005927945585
-0.7188144732203348 0.07202146077870819 -1.3135716595624867
0.9932942704146805 0.9981764486888594 0.9079315833019391
0.3995937958744711 -0.4483179542663063 0.7011956765433314
-0.3200827137713318 -0.12082852163891555 -0.6247020641109674
0.7264895516507699 -0.029859712745988087 1.327907067664218
0.0981898325120849 0.8972752620827351 0.12229351717211441
-0.15468765708889953 0.08341107859436159 -0.3070716698388778
0.1984851993659813 0.3712994105943652 0.3674953799534185
0.3627938771441246 -0.3851620042486974 0.6577754162482671
-0.575276247336427 -0.47169178548271296 -0.9693099439228458
0.8757201712482887 0.4108419158084251 1.4081906506818322
-0.9480061444923824 -0.06665385549464808 -1.6209008982875204
0.40755580722851437 -0.047590925552351226 0.7918354793432
0.24363528651247846 0.17878476457598835 0.47477405443994025
-0.02764093212869634 0.4684449446527823 -0.04932014962726295
-0.06804896753308864 0.08691740758819178 -0.135479556945091
0.9825014227648228 -0.060537641918402274 1.660728461637382
0.4400137601982925 -0.5568420777052101 0.7232052936185913
0.6895816409102034 -0.15098034965314833 1.2579539146576264
0.21781902050386392 0.9838548544089292 0.23936046231402014
0.3256659366090833 -0.7117221756578689 0.484541248859868
-0.2658153968825092 0.8322325887871698 -0.3537080145201285
-0.6601807411826208 -0.3818620926988039 -1.1381759376241742
0.9658783300516038 0.39624947905516605 1.5176271492284936
-0.13881919624975625 0.2997212809029728 -0.2644098018898207
0.22182248243708247 0.930533747257102 0.2628679934910746
-0.2168312560192256 0.2496898832578296 -0.416929194510716
0.137026469582326 -0.8062471972278689 0.18910955119380596
-0.7372383866543764 -0.45445552913497567 -1.2080262509421376
-0.7127753831221142 -0.6604660096244719 -1.032834928713869
0.5718459885046372 0.5135787169142401 0.9427359419271015
0.3632744487517434 -0.703401751128794 0.5419927203986915
0.41494743900320685 0.676284325142325 0.6288236394454491
-0.8970958974995018 -0.4405660204731672 -1.4137830664110376
0.9424047233768624 -0.3563045395664699 1.516328396709809
-0.29149569245166984 0.7802724667897605 -0.40850182454004197
0.4979423119756181 0.4950452254786908 0.840558559193666
-0.6463785061701748 -0.04979027187854257 -1.2031060270889593
0.4572740789657279 0.6692851495798195 0.6925124335618688
0.5745447547233622 0.06667652070192776 1.0844902275945476
-0.7333256941924939 0.5946133789089716 -1.108922747420999
0.7874624896502616 -0.6917019415289094 1.0914189943700559
0.6034418756872904 -0.8865326857271119 0.7174109350061283
0.875041891325302 0.12436991494340965 1.5232833205616234
0.9652570776051386 0.3464419718840488 1.5466920497486056
0.46559847340214855 -0.4938521006661323 0.7906264694977707
0.6515803225292973 0.6268579514955093 0.9822867743297377
0.4235870701391866 0.3426136657823582 0.7742876359061832
0.9648556273075113 0.5813545507022928 1.373867291385472
0.5977620586716643 0.3339582829356509 1.0634018467919615
-0.38390334974129225 0.9250627890269236 -0.45078774715065023
0.8096559402634411 0.5723456714867858 1.2173202822128497
0.1455798137175377 -0.5331810631213143 0.24986033587751758
0.4480728635170874 -0.7991904549100728 0.604170701907097
0.3501339469643303 0.06495782024622243 0.6846003753508535
0.3729772665698352 -0.7171518015727065 0.5492668619237004
0.32592852259847094 0.7137387697735829 0.4840735731633247
0.9295086111111042 0.8906700758319912 1.007893815237559
-0.7772359444694026 -0.6827690853475779 -1.0881953378346876
-0.9146521517690198 -0.3059035037579163 -1.51113150366212
0.5263352812618554 0.16627572937181223 0.9908787087997835
0.9428130257251062 -0.35384547208849626 1.51816178465212
0.15417366910017316 -0.6623486514915118 0.24218520584787026
0.23414046808026567 0.3164587254376292 0.440972642191196
-0.6410998386162505 -0.15835840753764274 -1.1811876148143703
0.4630959093813731 0.7130310959613007 0.6757826015026727
0.3995234781096084 0.2641637317063066 0.7509723201486752
0.785720355245678 0.28871455554723924 1.356116914333259
0.45264022472514553 -0.45962998617097783 0.7839053317572514
-0.8313553685320987 0.27403435755987404 -1.4225536700343149
0.7870343628024592 0.5905728442419156 1.1765970956644813
0.411500436352743 0.266614186315584 0.7717057618567833
0.9113090993506623 -0.5701013290912054 1.3306332194570591
-0.9952524150205377 -0.4986233946522196 -1.4735075826982067
-0.8538442699639572 0.28300748243023865 -1.4476506564140526
0.4354638108917006 -0.5845415142392663 0.703584680140191
-0.8142853997214126 -0.6783467473505709 -1.1324670989707166
0.7527897096523393 0.08435642368829144 1.3624924412597743
0.34180582921430713 0.5016885526711103 0.5877685120122526
-0.9361849899184458 -0.0050565514235771936 -1.6105837732771415
0.162606120471795 -0.8082896335658436 0.2236472584856293
0.6500687301526493 -0.4202365490012103 1.1051611560676602
-0.3820570062387152 0.37898013511278483 -0.6927496981233077
-0.2882312614930951 -0.8421214391282243 -0.37856287894073126
0.32585396429711877 -0.37780053572604766 0.5950852828536598
-0.06533747821751179 -0.9924715333372041 -0.0713789843974614
0.13592350525338026 -0.42608909495865777 0.24677941028084033
0.7882159838036413 -0.8417823973071985 0.9447072698792458
0.734563619376235 0.5032125594412011 1.1743521692780692
-0.3856621188505507 -0.4773525708523787 -0.668243982397207
-0.8815911527504083 0.2312202405013184 -1.5024269039842046
-0.8624752444010788 0.709236456400594 -1.1526393440390592
0.7268592942750276 0.9674448835443892 0.7541112051341362
0.31032890948413194 0.20658180234249146 0.5977579218090141
-0.8456280298158401 0.621019101594785 -1.2173065038351274
0.2973689176784535 -0.4654177944190989 0.5236796458812115
0.3684094004567653 -0.8053268439824022 0.4990533720777229
-0.035671210731364145 0.11040542747797577 -0.07089301708616406
-0.9148994839326274 -0.31030987509361796 -1.5093012607358973
0.5287141816952341 -0.3631112879505465 0.9430664312640921
-0.804939302494164 0.6553667137867023 -1.142917659940345
0.37574925123451686 0.0020865270443728434 0.7339376227568896
-0.0937199816382639 0.3372441488168445 -0.17662266945570965
0.8217717617634253 -0.652754488092754 1.1635833214031417
-0.9450702314191126 0.24815172425268184 -1.5714193947515822
-0.5032772471759965 0.08381035554474803 -0.9612122572027956
-0.04797188216594428 -0.5117518349495243 -0.08362013210350298
-0.3400404202984211 -0.4135492367452742 -0.6108182418632563
0.7849615609594425 0.3493968949482975 1.3281855841420778
-0.18373064954555063 -0.9705999862594115 -0.20637809368268212
-0.289840098509494 0.5247044553220583 -0.49470207857630205
-0.47369268092257966 -0.28055794490480745 -0.8766790144710768
0.32919468587132994 -0.7156256314078524 0.4879493910101719
0.004628585375861638 -0.3921779763450455 0.008554324930781865
-0.8328945091328648 -0.7455669551525463 -1.0871872244718974
-0.8359526812803992 -0.0911379157536294 -1.4777128458773083
-0.06171586631482229 0.7338040429565547 -0.09160620293791544
0.4611826399384815 -0.6021430348296772 0.7334824361973874
0.27056487235532334 0.037414236833687387 0.5341775075449062
-0.18142474150087984 0.17607189899948494 -0.3552830626398742
0.31977367755910047 0.9650348607859411 0.35797633097471365
-0.9757979630989051 0.7065674563030386 -1.259772364760213
0.5558197008218821 0.4957153554040026 0.9282541666374037
-0.2691245749606652 -0.7274415615724747 -0.3971712924628652
-0.42743821374959845 -0.5543417653157261 -0.704924337009872
-0.12515095639897256 0.8312163104558667 -0.16825787490724117
0.2767116272355663 -0.6530970052437506 0.4339442382179857
0.6895933267767043 -0.6197656589145921 1.0357904037645893
-0.755814078560247 -0.20147659514538319 -1.3440148222702284
0.7090356684382726 -0.739508793180383 0.9620681344373488
-0.8660248785253344 -0.1515192675208703 -1.5060641700772246
0.4243397309248742 -0.7509061121601925 0.6019918180400702
-0.5834961361096167 -0.811538011735714 -0.7585230235462442
-0.42604461034753793 0.40258298899944145 -0.7604639455343651
0.08257423173219136 0.5787403726062272 0.13809735357496222
-0.21169339823752265 0.8999581698226762 -0.26123391593533146
0.3269974679557517 -0.8465117838042036 0.4256554727308217
0.049750120713028645 0.3191205378168944 0.09443767545537736
0.8011088307711884 0.5689506706816403 1.209998246150225
0.2543195688808455 0.9830809507697378 0.2789903661892511
-0.7243858902559617 -0.8728027757796826 -0.8517791343749482
-0.7491573288942073 0.8732770295721879 -0.8748657988150702
0.2613890587172403 0.6494977919331437 0.4116092435248927
-0.14677194659001702 0.8911411849475954 -0.183837924662326
-0.14699191732784445 0.2858266635350588 -0.28104196938818726
-0.05714258722136534 0.36913556489759536 -0.10652888182281843
-0.7995770394928035 0.9167596874008135 -0.872513033272918
0.9067168376757182 -0.5034651261948233 1.3795405207310167
0.8878983767953148 -0.3460483226216795 1.4595225124581939
-0.15943613275811885 0.020958062205991057 -0.3174533004672253
0.7965136222518949 0.48684874358632046 1.263713956500565
-0.09090822364891515 0.23342843395388613 -0.17664187733762457
0.2534699897849151 -0.5291428454741092 0.4329400677270086
-0.9676537941084085 0.9848457185663813 -0.9108404648316514
-0.9878147255372054 0.4786385245305751 -1.4820193136940902
0.5645586854442846 0.7632508113904934 0.7732363082602375
0.32632210401542316 -0.7093260246167652 0.48648463578107104
0.210144018715547 0.598528950135677 0.34467742264184853
-0.9065858661467583 -0.44002992548164066 -1.424789598969241
0.4365543385345694 -0.6898189855451959 0.6522930958871209
0.7357547336684851 -0.3514870731878672 1.2602282245158551
-0.08191534497553632 0.854531759436642 -0.10744634701395632
-0.35774252901912296 -0.47648937354487764 -0.622312793208619
0.6167130812960628 0.01553855261742787 1.1565741091612762
-0.7574337908293336 0.9331387976706145 -0.8180330619954514
0.9297587950443309 0.5745273497495338 1.345596382861868
-0.8084288103326018 -0.12833051184812594 -1.4345120054990996
0.45052564025895525 0.44757183461151917 0.7850966654423083
-0.06313040544867832 0.08523200357173155 -0.12571893142493565
0.12846224696393072 -0.1577920280697791 0.25303533327468763
-0.5180978096126239 -0.45404203327081283 -0.8901054563804617
-0.33793060189341095 -0.34073733087706426 -0.6249499620229515
-0.06751368710278283 -0.08809751556727696 -0.13440157074888165
-0.20608811968394303 0.430631760259069 -0.3718997805945579
0.43252293828564925 0.8196608013912094 0.5721312928672082
-0.8814907413090598 -0.9123987798443534 -0.9443146374907079
0.6727612713351547 0.7540670586940597 0.9084382590374794
0.5840121624862697 0.2847287615812446 1.058351983398638
0.3861638404616594 0.8316393031634104 0.5074551611137627
0.337516954514544 -0.733252735183135 0.4920825834605673
0.6629263272152504 0.6918851649823199 0.947811018140308
0.5625381115605794 0.820703381568211 0.727156034934947
-0.4080523363245716 -0.69402430163539 -0.610057316498911
0.7718945346232335 -0.6133155231592815 1.1407434471465907
-0.6072204841825191 -0.3874473940093004 -1.0565862553724135
0.6709071008452681 0.33640016918912474 1.17370009004759
0.9176468485740239 -0.758247634446571 1.1532073361742374
-0.6893579577142244 0.7430438731497588 -0.9367786265146194
0.5123255672252094 -0.956694435699164 0.5649371305485748
0.8987061410304831 0.48134027747245245 1.3872161724888987
0.5990463682027696 -0.27723703886312956 1.0846490540612463
-0.07346262952810934 -0.34259395036271245 -0.13826247019696944
-0.5579525390433804 -0.3872531113029716 -0.9804890278294716
-0.19355562157528072 -0.649238836181165 -0.3064294905132586
-0.5033075839074039 0.3782296234196385 -0.8964694865106406
-0.5109633286501007 0.27514460301394306 -0.9412476147964177
0.11209528610609154 -0.8435076709852598 0.1487404227667941
0.2446483341902579 -0.36516736023524365 0.4524888999918232
0.9619393609227977 0.6054952752824678 1.3489383936893746
-0.7661917519796402 0.8779435997114815 -0.885792507663116
-0.36963993048566235 -0.10771863986844199 -0.7183714248901493
-0.4774328733047537 0.3422395853659719 -0.8657041726377588
0.323269901563918 0.4824278766605552 0.5628272251267551
-0.020004782592127013 0.7193148165561378 -0.03009548214483806
0.6352926852987155 -0.18458263465022617 1.1666655521270464
-0.6055570886752801 -0.14798926056718043 -1.1259967348460627
0.6964107128676509 0.8142305611363772 0.8806437793119807
-0.161460811457381 0.33443765646591284 -0.30370655487600534
0.2579699367265418 0.38738471600961843 0.47242796572623275
0.9285384177897142 -0.8883842689074226 1.010006863202607
-0.517492675417397 -0.7548453110289381 -0.7206606343495277
0.7577408076266399 0.7067580847323331 1.0453163850499088
0.8705292488680758 0.7870616858626927 1.0796063913506255
-0.7975604028437024 0.4306991064578707 -1.3005929933681222
-0.32269185230399855 0.2470679439943737 -0.6149816524761166
-0.6454618853992113 -0.1042559183826226 -1.1966022389668587
-0.9357249939199941 0.2567832474801306 -1.5572680616207635
0.585333653096674 0.25232769895278495 1.0699654445248814
-0.5350809738774196 0.03239234792295376 -1.019286409826548
0.3168215762959188 0.9210318086696101 0.37697229491358986
-0.7452646662286493 -0.4325046307378224 -1.2314399281377737
0.5687853929460667 0.3895967532403002 0.9964938879897373
-0.2368347412208267 -0.43293690478572744 -0.4259592899897651
0.0919760970629453 -0.5258550213456372 0.15887512253111757
0.2804995124725056 -0.46870431581679517 0.49396029318068774
-0.4675624397613931 -0.9592005749330328 -0.5175744860401429
0.4134482594580646 -0.8886864417823073 0.506576771610928
-0.8216183273096884 -0.049387767101017666 -1.4627121549623172
0.5374813863447256 0.5208198130483537 0.8881845301891119
0.6174499866233127 0.42741435119822313 1.0537503298801898
0.6907567317433265 0.5779806846195041 1.0672631582911027
-0.26907121938166534 -0.08382904767644161 -0.5298053607002022
-0.8648039821793678 0.22887079274259703 -1.4822489941348598
-0.849984686737651 -0.22748136417012477 -1.4638313927571691
0.695633902570236 -0.6943218843086436 0.9850048816420253
-0.9572309888543391 0.7646935421134415 -1.1799519197232289
0.8940180677808951 -0.23521032989927604 1.5162572470997069
-0.320642513347297 -0.8506560632558142 -0.4157114309960317
-0.9555766559664185 0.515144733032826 -1.421326889503364
-0.32932711306933893 0.2159981791999217 -0.6317827299433615
0.7439007005487075 -0.26772284466980145 1.3060798164424157
0.11934586573220618 0.7727565101779887 0.17049525056512627
0.4998216071063122 -0.8155871823434961 0.6570211819834577
0.9226407606507911 0.8587092862870263 1.0418032691360153
-0.6263856935516785 0.7291847858863545 -0.8743100548892409
0.034270853828711756 -0.18998109689303 0.06729531711764099
0.1344729651043246 0.780036185134354 0.19061476372117458
0.9888864571359437 0.6744950901655073 1.304954777045762
0.027050534021829886 -0.7650775384545945 0.03901989166904593
0.6107414234205291 -0.4436168033087666 1.0359312311755333
0.2990521179159831 -0.1228104874192788 0.5847911386612871
-0.7417618334777214 -0.403372218445307 -1.242733925919619
-0.4493217370524176 -0.3852438698215044 -0.8050389127241787
0.853375706744582 0.1729821708043442 1.4845172521380516
-0.9516549444944828 0.7593766846965528 -1.1812787976495227
0.6242859380005188 0.8775601123411376 0.7470488556182353
0.273990516911625 0.12308821649724355 0.5370562598914178
0.5437217261067453 0.8912982831518346 0.6501762612347715
0.5826002039973981 0.03413136181744436 1.0997532207513574
0.43138850243422056 0.2615434052502026 0.8078253424212187
-0.562085857781953 -0.11066719503341771 -1.0593840601739242
-0.37898829066046713 -0.04176471758323319 -0.7393162216086018
0.23367773000532965 -0.2573073654665887 0.4478674052335148
-0.8174723080559751 -0.13827549654543447 -1.444913734453601
0.9012647811746903 0.12659183937498075 1.5556759493230028
-0.6146543029274301 0.7650929950758609 -0.831933692217967
0.4690568598418807 0.3247130003374781 0.8568447606091446
0.00022581658225795387 0.19668028077438082 0.00044292599065823225
-0.7385417966947772 0.8597655329110587 -0.8786945429965812
0.6209568022162146 0.9851206006526656 0.6432096333687994
-0.30965939425005695 0.2273047717679466 -0.5937913272553024
0.06716752318381625 0.7894398816567936 0.09453340946121574
-0.8878136508268937 -0.6608121104450277 -1.2248112467770733
0.790782568534041 0.18935868842869752 1.396393125091668
0.7400182200845871 -0.07060360573721325 1.3452428249498491
0.6847388329437856 -0.5195390725865952 1.0980300601097228
0.21188186759655103 -0.6599063585358613 0.33229496492338667
-0.4880025710577416 -0.9640405636727418 -0.5346958423538513
0.48719304741067493 0.5295173660686183 0.8080700734617562
-0.9182410736021982 0.8336177200019486 -1.0681753147511093
-0.9178831201730808 0.897705060111502 -0.9903644820353583
0.3276313108196176 -0.26714205637157495 0.6207734278227768
0.014386614136212561 -0.6744751929137136 0.022472117208769994
0.26821473550797026 -0.06156225596344411 0.5290168043068401
-0.7160907533160386 -0.5993947849529091 -1.0840161426669488
-0.9747960051717948 -0.15641175678152708 -1.6349694089173628
-0.09659064670648143 -0.868032407889811 -0.12466464845309139
0.36117630248735266 0.8791416836552577 0.45077380299321096
0.5903810480971095 -0.6418339140792093 0.8917966470090358
-0.9162922853355426 0.3759450684798544 -1.4758864478524347
-0.5052982805586383 -0.7566548594822442 -0.703967691092107
0.16919667755305734 0.9495883876465203 0.19601261498956857
-0.6827628391787111 0.06704342904970395 -1.2590429638745841
0.18898280986315452 -0.09040137631415268 0.3741856021213642
-0.8313474809001427 -0.6885198911004695 -1.1410458787954225
-0.8536671681052155 0.28019261812031737 -1.4486062765228251
0.5979542110361558 -0.20832272367463722 1.101562661511257
-0.20962851666671067 0.7969394764070008 -0.29087693008821436
-0.1838119232924862 0.7500621056502159 -0.26745865876389385
-0.19471594069576703 0.9173857116327306 -0.23524176204611746
-0.6470706358877738 0.5205047809813039 -1.0460301545989195
0.43248516907055357 -0.7053237794868517 0.6382502162684566
0.8594160562332493 -0.5162305297197771 1.3175072087894344
-0.8420645384779355 -0.5653678346868631 -1.2598652552983884
0.309919142864006 0.16798812586476197 0.6013769009094612
-0.39511444098359094 -0.9983580906900087 -0.4170026909040608
-0.2478021137708375 0.7624536752322524 -0.3547362854182096
-0.6084202245752077 0.3069017652055488 -1.0897293971735085
0.03486409605318652 0.7949249082992789 0.048823436094448426
0.25746713610070393 -0.880173383559264 0.32441007509120945
-0.477827416564645 -0.30169410869850144 -0.8781632084178107
-0.8239174282728197 0.7540333393507832 -1.0698016267535555
0.4671669174838513 -0.009066283404871367 0.9006801513393282
-0.2798909532229352 0.8036557923246439 -0.383480129593618
-0.5477398705553016 0.1880186450759549 -1.0231629682978827
0.7500294415562914 0.7377418252759909 1.008842706147493
0.3819533348422639 0.026423965275142347 0.7452072700115965
-0.8013982306284002 -0.2381065962383626 -1.3961256241381383
-0.4647594869973426 0.9570858033685847 -0.5162500908399404
0.3889519146348257 0.6988893134877068 0.5806274301782525
0.5286931770820633 0.9876677678239287 0.5554897072202012
0.7800214122996949 0.7905461104617431 0.9894754699634242
0.7254508652461487 -0.6333843831890431 1.0695567023982433
-0.30666003093640004 0.6769030730754504 -0.47063480757718024
-0.42682526569341595 -0.3197470419981203 -0.786000475336161
0.13900300638836205 0.2497797878455259 0.26851197481262573
0.17218650772753397 -0.4337363624943045 0.3109428899935185
0.8080343147752658 -0.9849799001241517 0.7993873642242568
0.2712213770636174 0.20754218813664727 0.5243182721723746
-0.9078251871169589 -0.39976640903587524 -1.4520432804399512
0.4627967345838442 -0.7249893361500346 0.6683450236451253
-0.6317731198396361 0.19898397572829252 -1.1578465191438168
0.5252269314728177 -0.6000715710611466 0.8276214784785296
0.37965206264852136 0.4949813707090711 0.6522346675316149
0.8497789171879606 -0.9034224857425761 0.9297924234710363
-0.21167208144600425 0.04548743131283928 -0.41975527616872144
-0.8990932898995019 0.9523919394968865 -0.907591409621801
-0.4837591691915739 0.9877810295085052 -0.5121269871202347
0.1988893855380136 -0.7816957191014275 0.280453975852771
-0.5803810955879893 0.35879658425465677 -1.026848501889184
-0.30775936740013154 -0.12286937207165805 -0.6012806274755002
0.019895291068267262 -0.07004336101828024 0.039690395783469154
0.7273117497342254 -0.0907057525196584 1.324261583529772
-0.5432950301218922 -0.050781252268280674 -1.032585927801769
0.6051178457483166 -0.2132742886822807 1.1119408558356627
0.033485449126730904 -0.42264906457443097 0.06106641762521667
0.3892071806823145 0.8176677597915352 0.5190371999342684
0.5349473585178675 -0.28912233671183407 0.9772728262886133
0.1685242681742145 -0.6781017951748516 0.2612408996249252
0.19450212470700534 0.022332195196305804 0.38645975416698997
0.049852372825093916 -0.15221333048280683 0.09851113332702305
-0.21599363566034713 0.292857231813354 -0.4103860923551217
0.6461815977090888 0.12103471223012496 1.1954742060508348
-0.7679701759663367 -0.4687127634255204 -1.2395121336402144
0.7641035824518012 0.9745467929743461 0.7770522014133173
-0.2477317447016718 0.5610429651139703 -0.41523145054084426
-0.28443904413373167 -0.3050054491308467 -0.5353343887744436
0.2484406999328388 0.8267776057218628 0.33306192115463046
-0.5578708765901292 -0.3893127105772032 -0.9795351452499927
-0.07269119840751426 -0.3772725785632156 -0.13503906725805062
-0.878557219921984 -0.38988511095385303 -1.4240920212067396
0.1811001601576292 -0.2751518144612288 0.3466735124882247
-0.47667139144353343 -0.11779757359307141 -0.9112889194894288
-0.2187654390465128 -0.04709035521998195 -0.43356814081139566
0.3855881761147604 0.31124983584250154 0.71606594015822
0.12488206017341441 -0.7028354597818309 0.19007817430581275
-0.6216910137194809 0.19773299937841937 -1.1421240267714705
-0.7827715327233107 -0.6061567874800264 -1.159205540436171
-0.09772225244297772 -0.5002995676558915 -0.17121779652984068
-0.7476007246094802 0.9087506468576629 -0.8358890633707049
-0.5915001262700428 0.49348458999643485 -0.9821549498567519
0.117435321046649 0.42404542960404523 0.21357689778497246
0.9207649044168469 0.6339403134645163 1.2827785131878002
0.9650229196624782 -0.9257206033785965 0.9885442259212879
-0.7745293829812845 0.6148132512262692 -1.1426203570986786
0.8878002728791712 -0.36027416901577114 1.4517729902219703
0.7821512511450082 0.09623928861641828 1.403091401144421
-0.06979285320132056 -0.2589907721826663 -0.1348208597105428
-0.21849575997672988 0.3728921205424294 -0.40373006460971345
-0.27492450867218143 -0.48123350181393887 -0.48128298582022283
-0.8048882287611037 0.2890752059621984 -1.3816952302914298
-0.7787687380547079 -0.2767543056049837 -1.351350483792984
-0.8528586974987571 -0.4875490260921216 -1.3308162774699488
-0.5162858457155843 0.6943980962521248 -0.7586852223577429
-0.8922942746120057 0.8573028216960357 -1.019041995753575
-0.6826954795772713 0.7441162634947085 -0.9282699429338878
0.673142287989702 0.8553336948533521 0.8179194842431382
0.41889485362856504 0.32804551787784386 0.7701212918261205
-0.5587885412729185 0.9806445267775192 -0.5900537836928971
-0.050982559502199765 -0.8757856878144437 -0.06526952716700446
0.13182403944924892 -0.5738760012910604 0.22077174688624238
0.5082604027639124 0.29242050999165947 0.9319982294165993
0.6644545489786757 -0.8280780535822485 0.8340445821873713
-0.2806342626693825 0.8759329487330885 -0.35467077555729065
-0.1500468214890056 0.4387445121593798 -0.27065223370195174
0.9886681111819817 -0.061946763931225446 1.66738455149252
0.48374721372441054 -0.8687171224830474 0.6007288525674085
0.44602015506286463 0.6480454391683381 0.6878460243139919
0.5619071952807635 -0.2371078369728563 1.0357881505832949
0.8096100211496069 -0.26880979509178826 1.3960341084534793
-0.4606367186709004 -0.48039147914974945 -0.7884106165692789
0.8325347786578472 0.012025262345267906 1.4791723628855848
-0.9595253548720386 0.32289963583707504 -1.5531938747722545
0.7054873280423657 -0.5787199986275477 1.085641759972478
-0.8897885353256465 0.0038081383445407457 -1.5538659964021662
0.4641830234478328 0.7114654693925042 0.67816968949741
0.7815645295434439 0.7061467999986493 1.0718966826556238
0.6280776524551923 -0.982171567928454 0.6524811998449951
0.9169582927061031 -0.4025562727040388 1.4606088564036532
0.3322273254013728 0.5302579727992649 0.5627228722841888
-0.9217420883890504 0.9471871233981397 -0.9304443044428822
-0.4183551552967637 0.7718811560851304 -0.582248870834076
-0.712845887004647 0.3260067349709499 -1.239085857553175
-0.1516914781704506 0.1430303900944394 -0.2991347016336161
0.7010274177012794 0.9259664227596027 0.7753744310604967
-0.4546116368552675 -0.5174402581749209 -0.7632566171725949
-0.05941018352027427 -0.26300782475143203 -0.1146669324450806
-0.6661909890593909 0.8702126706121613 -0.7967994013018913
-0.7682196028116184 -0.936103817737566 -0.8240018087783365
-0.8596226891523928 0.4603653768419438 -1.3574463126333485
-0.3397158214794689 -0.09262235014011821 -0.6635817253602
0.47549051950362897 0.305201977532229 0.8732382806412304
0.6161852068951943 0.6146750363249793 0.9442861489016104
-0.8325541946509163 -0.1661526751030793 -1.4589330057937158
0.47460031619668874 0.5453818241849018 0.7813762547227265
-0.15178617150301532 -0.31559874808201327 -0.28747229749198394
-0.6133145675599592 0.13665284744438355 -1.140430488258544
0.3260116757779734 0.9365964940814071 0.3795380175374096
-0.22914549077053326 0.9814748267233315 -0.2524935471883571
0.859181907952052 0.5514741268541385 1.290079802508043
-0.610869235764397 0.5966625966204946 -0.9489480028334609
0.7787597280513678 -0.06374246310595 1.4019413599623847
-0.15153667075462418 0.6279365599612989 -0.24432192429296476
-0.18471074798851683 0.10230923850303508 -0.3654036699194885
0.3869418759985481 0.21208147968840274 0.737806809340013
-0.24579807838068546 0.895864585969961 -0.30408720934199246
0.49983213213098376 0.9405883201021326 0.5648895919496181
-0.6571437180409958 0.5851971150146784 -1.018426250815218
-0.38128642094833953 0.9948626246011625 -0.4053209347885091
-0.5447205154945671 0.2659351377087422 -0.9999272162273184
-0.686146463517251 0.668945509693526 -0.9940259854682008
0.26339670660989145 -0.9139835419082012 0.3179514407705331
-0.2800866342868429 0.9431988975433208 -0.3246508022523517
0.2206303695067402 -0.22469365007309938 0.4266870518423416
0.35951481785246653 -0.5427899871345638 0.6025066554435036
-0.41207025873680125 0.4787154188699736 -0.7109701864225427
-0.11058022097247533 0.5864547809152911 -0.18383109122054445
-0.7722207249226205 -0.4911213272569368 -1.2305191421052855
-0.28635341030195405 0.35625637697115775 -0.5294406532298586
-0.08101330183803057 0.6148028691916334 -0.13221272039717843
0.07948751889392591 -0.7420784880376212 0.11705165869080542
0.5943118300869301 -0.9388636955275815 0.6615175062501304
-0.005116195388672473 0.02671838445197028 -0.010228694062042007
-0.6292537596869725 0.7527755976439101 -0.8590283885571779
0.050033894298807446 -0.5483563582295194 0.08536047216301729
0.8796548670750639 0.17252524875236142 1.5181602265822447
-0.6470349630443497 0.8604224489287235 -0.7862229980726968
-0.5006143481151679 0.9404229671577795 -0.5658268002293407
-0.4647144063559008 0.35377006161765046 -0.8408279513319635
-0.1246261918959839 -0.4830895677219851 -0.22015799782702522
0.34670685586375116 0.4498295290768777 0.611998671241395
0.014672550969511367 -0.6290202100338285 0.023727725941309733
0.5369834073142847 0.8239054397530763 0.6950487656455662
0.49750185795659285 0.12025389309888368 0.9475705032752222
0.0022099662744237136 -0.553527836835763 0.0037599242340507454
0.3686768809596628 -0.4060301121109271 0.6621621695115167
0.11351963513644803 -0.5312577101188503 0.1953264272682623
0.4236640860452643 -0.18775304195957165 0.8077573228397349
-0.605471170827061 0.014855857795163852 -1.138173497199858
0.3836404817260206 -0.09660478680066276 0.7451071593244187
0.8632789941203942 -0.053059326575085386 1.5178165895203921
-0.02414106580602282 0.5973087689484013 -0.039918309508209925
0.9571818765190461 -0.5039233089549366 1.4318873438810271
-0.5824412807289026 0.8874533305428791 -0.694609070568527
-0.02642407005906855 0.45275953434543004 -0.0475178095920498
-0.08440145903697593 0.6195071068758173 -0.13727027280899035
-0.7694465179575622 0.9715680046116499 -0.7847997482501443
-0.10741482020981707 0.20556608873664395 -0.20990234497824564
-0.7401324035620458 -0.9263643089780094 -0.810266933853114
-0.6084170170787897 0.16086741897539092 -1.1283791226219932
-0.4493315916627607 0.9858177265292432 -0.47969509156987483
-0.6135350195245906 0.5335196895143077 -0.9914868435812577
0.016033183361616077 -0.8308498591740807 0.02161976947192958
0.566621578408939 -0.333378006012502 1.0144611274917368
0.7382388552634955 -0.7795784879184033 0.957269082870633
0.49046297735333866 0.9163427994201618 0.5734614832204256
0.8135083932218912 -0.8121208062740712 0.9998846411632919
0.1656613101705411 -0.28661650410002215 0.3163549778875155
-0.12402924550696981 0.5973548303662799 -0.20457583466484675
0.12319296937236435 0.9576079266139916 0.1414312917372572
-0.5792960314205551 0.8266770867474731 -0.7415817926516838
0.16889068978451416 0.2950845240637616 0.32164742633454296
0.35019859928243635 0.42751004510118396 0.6244141657029226
-0.4971517782903121 0.2677300182728375 -0.9198661964654661
0.880727782161211 0.4795054003012216 1.368457305978467
-0.9197312315018564 -0.738231467586578 -1.1767083213432872
-0.24446183048342385 0.5957302550698536 -0.40068226146229136
-0.6147694145733242 -0.9288690989618549 -0.6906709202982559
0.2411622436001999 -0.503589204974398 0.41836389875084706
-0.9182727564736934 -0.20376995600570047 -1.5562304412850407
0.7766271777844156 0.5956030557216709 1.160387498875084
0.8056583647367908 0.08393454264150968 1.4374951251076993
-0.534700969140713 -0.8145513409508431 -0.6993474915323735
0.4795720707211377 -0.23917464524006093 0.8965305703496613
-0.7154007184741449 0.6327857213265409 -1.057845623036892
0.6375874424343537 0.5219857119532232 1.0319769924368751
-0.304430541218764 -0.9631019590527212 -0.34230013418596583
-0.9792985101023033 0.5704255811091172 -1.3973534033986987
0.834064573309399 0.9224879414866811 0.8944886840833561
0.7069869453829289 -0.2421057570561589 1.2612040122613066
-0.7608382209332176 -0.669035136978197 -1.0817609690250594
-0.40860540248573995 -0.5923294281045202 -0.6592835255220968
0.7656040981356547 0.887871661465734 0.8746208482634846
0.37331238752356133 -0.3216347237800359 0.6919994825272868
-0.7094099089776786 -0.9038228797595638 -0.8059091105060061
0.4122604124436231 -0.3847722509644125 0.7427702723706839
-0.2546597638735557 0.7695368125026871 -0.3618690157254219
0.8813647273409131 0.07282643881854867 1.5391248371652597
-0.28343070014613736 -0.6623168911647277 -0.4410487190047858
0.831090420804063 0.2344776902876693 1.4369076445439775
-0.22522698528618634 -0.5173885075999334 -0.38819424135273034
-0.4402632062299183 0.8377245735421837 -0.5703581325766942
-0.3937745677975135 -0.13202888238765653 -0.7606752597101529
-0.4844125366077734 0.4716599828892778 -0.8296849755477579
0.4560835251155353 0.7428168409538594 0.6488196368053218
0.9080373941304984 -0.35510459888606904 1.478231772349146
-0.11418036727893521 0.7416481636832024 -0.16801757327934994
-0.04286641724950013 -0.040513955983672245 -0.08563625186560067
0.20548598683484975 0.40754343788668446 0.37466254166175855
-0.22620034931074295 -0.9597271518169255 -0.2573541232833455
0.7301479423122101 0.5093484644777528 1.1646300759595158
-0.147923578878568 0.3369072761186176 -0.27819793043309804
0.2393965905055735 -0.5950666364097896 0.3927175814857252
0.14466932923504894 -0.6992189123626298 0.2206723039820328
-0.5001044555450114 0.610073761498696 -0.7860301254653475
0.7893806497855933 -0.17755035367786887 1.3975136273613091
0.9661527583886955 0.9430953844747734 0.9663251657694913
-0.9056050635075119 -0.2298754876155038 -1.5322036612719432
-0.3337998170075751 0.8238341252990535 -0.44519952382478734
-0.7728631041786729 -0.9632524772203774 -0.7971246201384647
0.6076922057723153 0.1701101131721443 1.1254659772707243
0.3776253868785402 -0.7990273082256913 0.5142856325986898
-0.4604104409042262 -0.864211400063936 -0.5769353408765245
-0.33084490048842863 -0.727256095120054 -0.4853152067156333
0.9250370300795334 -0.25228291595706964 1.5467241574622488
-0.41918241733702466 -0.9065818805829617 -0.5017997953110318
0.7269436198395312 -0.06929320020425611 1.3259881960244833
0.18645420799871193 -0.02102750697899336 0.3706695025873216
-0.6891331285329789 -0.4084800772383601 -1.1671053900648636
0.9062506519425713 -0.9211662585795257 0.9523381867962472
0.7014819024668486 0.7218151518438722 0.9688098415836368
0.5135956318155313 -0.8249793170333923 0.6667814950159399
-0.6179624340510328 0.7344763197272197 -0.8600041166542636
0.8351705443517032 -0.7776394364842878 1.0566169330223436
0.3079886176452893 0.20761094885412223 0.5932657503760058
0.7882663725429595 0.44134852957286164 1.2823609069260604
0.08084877468156249 0.44117643174780685 0.14605576309040424
0.10328325152721995 0.7595310008730205 0.1495273892087803
0.09937843064179375 0.7282409717414204 0.14809739504553782
0.5552804035713086 -0.5952146658565383 0.873042409070875
-0.948822270232957 0.7307133931731753 -1.2104773934664912
0.39966397503834417 -0.41008418182837136 0.7136934877384752
0.2470855051058718 0.49427823948183947 0.430611373365733
0.9194117596219449 -0.30331733608201494 1.517885772762537
0.6951718371553632 0.2565122305153913 1.2391203042292305
0.05454830866108851 0.02473080884198442 0.10900917800574766
0.31968183692093466 0.10800240595644994 0.6248668831161567
-0.24853786966849478 0.8305207695983774 -0.33183224610851547
0.42280019000053626 -0.820685992569026 0.5594403803742242
-0.7283283639332645 -0.3123533067974096 -1.2668311316594292
0.2711751307455592 -0.3935577875505605 0.494771552149711
-0.9205129889793662 -0.2632517479571088 -1.5369844953807041
0.9997776801222626 -0.39280225971073746 1.5545472000603227
0.7623357048703088 0.3842822746977137 1.2804892671642192
-0.6712849683104414 0.6890588428463225 -0.9601635445021526
0.7557313810751936 0.1958505669260866 1.345419892323167
-0.4987223774694567 -0.2580021301806683 -0.9249457271383686
-0.136186339689778 -0.7577937990610315 -0.19722804727469226
-0.740081813442725 -0.3413785962415361 -1.2708687977876594
-0.3004452292030799 0.6040298939825572 -0.4871579760963625
-0.09770594358940721 0.6085854335048637 -0.16007218865258474
0.6562988434896702 -0.2772858255600845 1.173761536478014
0.44204246636189204 0.668467096248788 0.6714302961921786
-0.2670925442641432 -0.6694181223783937 -0.41393593474645013
0.6906060060298576 -0.004969275104286686 1.2739931601327423
-0.5080531264896835 -0.9621905990234307 -0.5562614696620606
-0.24620092385823056 -0.9975459670225182 -0.26437203757698413
0.11971933522596134 0.30306017533358864 0.22798138234347215
-0.9147034973116785 -0.32745266174617993 -1.5005566436407378
-0.914743135792693 0.6341152353701798 -1.2767184138646068
0.746668105261181 -0.9082723939617161 0.835560168884453
-0.15859467510222536 -0.12471025079333264 -0.31340829112680546
0.8153285149495539 0.9782087995825772 0.8131345819940331
0.41572166611266126 -0.23475497783356802 0.7855463452926053
0.3689933099108391 -0.9160653450974554 0.4392651594495603
0.8214004061560187 0.4680234989120855 1.3067432776688033
0.2974717316247013 0.18059479895148156 0.5766743562203843
-0.19595436741582262 0.47893313516870784 -0.34559230603932933
-0.25594140808236054 0.8667364242920856 -0.3277449856781425
-0.46715001628779795 0.5377323943730747 -0.7735751353354688
0.6215922837509225 0.09679770155165346 1.159208640769286
0.30646457460550436 -0.7962722654933436 0.4219892420440987
0.329818654319469 0.23278393644357198 0.630271968763023
-0.4816265545822387 0.15142936714725264 -0.9158408417681275
-0.5195747317051851 0.43434966686074716 -0.9008139244904274
0.6649669031263805 -0.824153541327356 0.8381511978972783
0.5444064974674314 -0.8942772719511354 0.6485094080660575
0.725811121152059 -0.19056129070282135 1.303454668839141
0.08356664830711846 0.7514548996049188 0.12198160478952655
0.10265373410009193 -0.02097165093248332 0.2049020097548351
0.5188638592987285 0.7201746526963928 0.7455174500448781
-0.1560594579011747 0.9089002212058244 -0.1910548300670439
0.6783517743409255 -0.15030910964333977 1.240870543955533
0.62040074894366 -0.20807176996339405 1.137643850792866
-0.8723361546713448 0.18785096637039933 -1.504721193034816
-0.4476720048426308 -0.9966315780921087 -0.47021049753546157
0.8756671715194395 0.28496362952965315 1.4740003169785678
-0.30508185115227815 -0.039760145890818555 -0.600267710249143
0.6801479480286785 0.2251093830302826 1.226081033511216
0.02387402038906683 -0.8224044278325351 0.032487605132222826
-0.261825184327642 -0.6542067948710448 -0.4108013479380054
-0.12557731541496198 0.4033134671698564 -0.2303967311849745
0.5697940522102614 -0.45394022831942227 0.9696513021003541
0.8214048401377636 -0.7181989415415437 1.1025363326149078
-0.867646905351025 -0.3783452707622659 -1.417722827354105
-0.7384177020114486 0.8870144596410778 -0.8504573336863479
-0.1546682008888023 -0.3308806500454382 -0.291391903686575
-0.23260706751634697 0.43364278617780183 -0.41835788405822977
-0.5623279910260512 -0.3718665812410895 -0.99343252057698
0.9396773381992527 0.17260173835614667 1.590742583059428
-0.8265082803679695 -0.9173435862164145 -0.8943527805610298
-0.6102123348146722 0.8306804328540582 -0.772887976295497
0.5706022071766497 0.8170788389821659 0.7392925967844067
0.5876212965816427 0.27173173643778914 1.0680824379203788
-0.4937754613219789 0.42187798817092736 -0.8647964315084429
-0.6226643783486456 -0.7136109040706917 -0.881804547563841
0.4653828824459736 -0.12664838672317003 0.8903415035051416
0.5129518316518982 0.5941742574209239 0.8132839208502731
0.48822172779004247 -0.4429840427327869 0.8475624657784174
0.07275441322049558 -0.5339335624175874 0.12514525115426134
0.39159187514994165 0.4227367568251674 0.6961251177085408
0.27188464007642765 -0.8384242263766521 0.35912048599807
0.38334145484256044 0.05811917516178089 0.7467799391317954
-0.7910876799329907 0.5363016656275048 -1.2225608273819957
0.2066408217114326 -0.3925623291171241 0.3791323878659714
-0.6184886378630201 0.7766326288270111 -0.8271231505827705
-0.17281497708178906 -0.6354427782939875 -0.27678358149385135
0.3074027493572946 -0.34956668601176144 0.5685684729858402
0.8429664946178137 0.7999763956088226 1.040375423603231
0.41246276726367403 -0.7314895958947141 0.5966342369258523
-0.9842706368135505 -0.18877433244924235 -1.6361453986527323
0.5616031116031057 0.21561852761271338 1.040424614037544
0.2798014850578494 0.3926549309915115 0.5102954536539216
0.6053816998711739 -0.3970699333853758 1.0496015367440144
-0.4321381067981376 -0.6292524463615294 -0.677194073125882
-0.9590597821778732 -0.521410415449097 -1.4197349189351782
0.8226673366788346 -0.07218135309312723 1.4621086931393208
0.37840532886853895 0.329268446420397 0.6991850007179948
0.11754823473433174 0.4763488883161926 0.2084435522301375
-0.16830118452138354 -0.29369338324200545 -0.3206705976849321
-0.6747708885165788 0.9253378632227229 -0.7516171533363326
0.20349796194329173 -0.6940141007244456 0.31069672857700614
0.4149664352059217 0.5952091156063986 0.6676568724173559
0.4128818852485385 -0.39336193403116715 0.7412109019317169
-0.2545756165319082 -0.33107869177164817 -0.47631629693994004
-0.9220720245860619 -0.5377490993184391 -1.368780108131879
0.5238997469863684 -0.5160685966325371 0.8702192720205351
-0.3278424545297878 -0.5420166258824568 -0.551697520197777
0.3356108361563792 0.1689845842157962 0.6493096008239032
0.9710295407384435 0.015311874680021376 1.6507410200081412
-0.3544077551269884 -0.9534814274153072 -0.4017608252269216
-0.5968537577666244 -0.5402828746314434 -0.9639747606216834
-0.2668178894151154 -0.2840705521507756 -0.5061926339064444
0.1530473324735968 0.32488482875457003 0.2889509563045036
-0.4761380535776747 0.9515117014179391 -0.5321013149392653
0.11692211882925463 0.6457839480640468 0.18632938284261635
-0.6882407208182044 -0.9744574382943005 -0.7134551180241806
-0.7950595553059148 0.005522217581646283 -1.4277888482785797
-0.6954087448352204 0.6124924944579124 -1.0484629319534944
-0.34305220636121625 -0.19626470459226786 -0.659810921830091
-0.3409153992083074 -0.556297010742957 -0.5678708364107655
-0.40824620820228064 -0.20091009597955134 -0.778029521369119
0.6997637572639339 -0.8770461401122032 0.8236267134220996
-0.3132386095129964 -0.44723464333789686 -0.5556689867329286
-0.460477015229374 -0.3801185267400127 -0.8253125207861098
0.8767864382269615 0.04015936477125592 1.536135203471462
0.4921140177309551 0.935667697359641 0.5606388627243002
-0.45143442227999486 0.6126803605080768 -0.713811587142335
-0.35634360817844457 0.8916730383509393 -0.43823294735682566
-0.5874910454145463 0.5348649957264349 -0.9537261905331211
-0.4314906495445583 -0.6400154926981039 -0.670905719879467
-0.4060011591062742 -0.02475151988917257 -0.7896355189527434
0.4863759401415084 -0.29451689008457516 0.894598026502575
0.3837994154480986 0.5214621584602872 0.6493583521291706
0.2473239410776249 -0.09771771747596025 0.48728464698037727
-0.22408594940700421 -0.5187990179307109 -0.3859502587772458
0.44218807785519343 -0.3677156733199223 0.7986243921721077
-0.9849969847266944 -0.6502822404543753 -1.3264214562481726
-0.536107576224375 -0.7197557742611191 -0.7681995111114394
0.7539829193482819 0.0652537172185399 1.3661814047384082
-0.5286762651825989 0.82916001739442 -0.681427262216616
-0.16741940406941458 0.5386623738946901 -0.28608333770889843
-0.8030446496428545 -0.7625645421907947 -1.040455599822289
0.8876470181522063 0.5276019270437031 1.3402433114777632
0.290054074165083 -7.214879048778045e-05 0.5720080803597412
0.9943758188511158 0.042761744451501826 1.6753049973054193
0.9924555738338925 0.6942507875930004 1.2870946476945608
0.6350087890297229 -0.3769290242251919 1.103085283768625
0.17038912132603334 0.035163134463785495 0.3389220591832786
0.18731531984245153 0.933286699545032 0.22167702837799444
-0.33769896770348495 -0.9473360004127651 -0.3868773959200235
0.5572685720815038 -0.25099201962535456 1.0245973258743277
0.10727029866901527 0.3079017848150287 0.20405921121195936
-0.7615506066698334 -0.7805740077678824 -0.9805667408895368
-0.469337185483085 -0.975835684131279 -0.5070014006378152
0.279001943897879 -0.9900126641244829 0.30220850950040457
0.3788569881508286 0.5606838145624671 0.626460600880194
-0.7255129856063132 -0.9188825325695478 -0.8051260759166654
-0.31347689886468966 0.10360982420220144 -0.6134285384225723
0.6650554285099228 0.6657781913038416 0.9706240760941144
-0.1264950008805772 -0.3080056659703245 -0.2404418916770136
-0.7538785003720567 -0.9290729966183662 -0.8194175389609122
0.34486143199308605 -0.08995195529535138 0.6733989720763225
-0.8320997007043489 0.18440863451872413 -1.4536221022689837
-0.44131657272889213 0.6839776997425009 -0.6621078029660186
0.26807257534138285 -0.6531041097830035 0.42072556601628786
-0.18178904551807662 -0.688507521729836 -0.27920944612619286
0.712705845659017 0.8988336738057523 0.814115111463634
0.9032053650174379 -0.534465563043482 1.3515921212015507
-0.7329047859405236 0.8643568352322346 -0.8685760123411148
0.8440102316911533 0.8583384211612994 0.9770317654275089
0.35138090279394385 0.9310328463348401 0.410972360042343
0.08719832614613376 0.13057330264077138 0.17269304436342875
-0.8268707590198152 0.9093439495519509 -0.9039698212407294
-0.7585216900462326 0.9028663608825114 -0.8520554286956963
0.5599867618584229 0.3859904696324461 0.984188625455272
-0.023541672715431616 0.7618977668755296 -0.03406293896839739
0.1992249996440727 -0.08846207976467291 0.39427169790684624
-0.5023483377959059 -0.17487540055053352 -0.9482831461120811
0.7546734346376214 -0.5958550362721167 1.1339905465291065
0.9770427538605606 -0.19879034800326223 1.6250466726470636
0.9432278961961875 0.23296548531669647 1.575182032493296
0.0907144054184672 0.20202027022550895 0.177495459632003
-0.18827955573314803 -0.6129716520108142 -0.3061870039983879
0.3728433001180178 -0.9828248519476206 0.40409670143612114
0.036228961054088016 0.8561314416477144 0.047475950825119906
0.4810570990867591 -0.6047017318080674 0.7613276405547681
0.51128188325204 -0.41089753079953084 0.8971359040161256
0.5726583117308806 0.07640152318622762 1.0805748986042387
-0.3068974553960466 0.4114648459124708 -0.5537756248886105
0.2529573193856949 -0.6231095960080621 0.4064695552400738
-0.33160840828956784 -0.8324832320829825 -0.4382362984690475
0.3417198223995326 -0.21293575690282607 0.6550789184182969
0.23578769307370306 -0.48637286607162156 0.41303655419316204
0.5730006362431781 -0.49477793536130243 0.9542747330684072
-0.15310657295669983 -0.9684263378749098 -0.17282236867943163
-0.8059346355616921 0.10618063894429453 -1.4348297271682742
0.7507218062091574 0.840876658807471 0.9097508693365685
0.12352857074466117 0.23149352084633934 0.2398557545958183
-0.5082358247968832 0.22075575507261314 -0.9496544591916393
-0.8090691214278831 0.9113598809008507 -0.8867134355821095
0.455787588935727 0.9344521747057859 0.5231496406511299
-0.23578067017420135 0.5471134979954513 -0.3990063124682943
0.7605343966873219 0.8721772937471046 0.8866727366185227
0.8136180686164949 -0.9376121293743338 0.8600893445099113
0.6548478647918361 -0.6305616867410655 0.9838366268481017
-0.3817687614650791 0.08413697748865756 -0.7424891233002084
0.996357256286071 0.0661072456481715 1.6753270387595807
0.508545530300762 -0.2089695513520864 0.9526295595793614
-0.999675819667208 0.6541208127376454 -1.3352763801700542
-0.20806103420912314 -0.6211351233571936 -0.33596188770264535
0.29578307255954384 0.6262414539625363 0.47234984515110573
0.7336980306206771 -0.19777749171983317 1.313133919368435
0.47432383878830153 0.9994687672530058 0.49396041772916255
-0.08579352733600576 0.7311071914212541 -0.12757886836389573
0.6952204309960954 -0.8714448441733669 0.8246777482861601
0.08483825106137188 0.4287233155838104 0.15413525298502737
0.47664398459586654 -0.46902529885103483 0.81850739228589
0.8946988070645907 -0.6552206789605843 1.2369777667649378
0.038118061819687465 -0.7818555994501095 0.05408461102530301
0.3182195772679419 0.9857224022744715 0.34557845813249904
-0.009364957988341915 -0.9397719461751881 -0.011049967772828097
0.15099484287130926 0.7487335897421934 0.22038333308948696
0.18704283382176357 0.017122318117171798 0.3718537319167957
0.3600056933981155 -0.12272969430583536 0.6992595422027724
0.9078516709860338 0.646264121179285 1.2584753026168467
-0.12837738805662813 0.6546814912092951 -0.20310967445928949
0.36970584922777583 -0.9442207467253272 0.4237623410949023
0.5693117237331597 0.19257511794623028 1.0581757696486165
0.09157510977118566 0.9243549205373998 0.11016634237052593
-0.11991059483254718 -0.030085757224780352 -0.23913861984921328
0.29549185401584066 0.8608069205832671 0.3796368958055597
0.6498769523057923 -0.818992793599856 0.8264991119591371
0.9310973461159273 0.1895400916197083 1.575815056781027
-0.3478020656581904 0.6769533919734296 -0.5313471916936613
0.6121174654760198 -0.07575709784581108 1.145907360024635
-0.3486300591054239 -0.46297103674723106 -0.6112982044722954
-0.21230630899241687 -0.13345971833143588 -0.4176823881307745
-0.04208299879099919 -0.7357062277649229 -0.06237863420725858
-0.27566415609962824 0.7376458899823284 -0.40286471414139674
0.44194710260261116 0.07439957743069048 0.8530342453155455
0.4507277039168933 0.4051231590268938 0.8007177336097467
-0.9776831204807335 -0.11421682238938557 -1.6476035577294514
-0.9969938665966838 -0.20388886392489636 -1.6448938732683585
0.8055263895580473 0.004784816964798377 1.4423742679086569
0.28287249383609003 0.5343310202487241 0.48041827135508264
-0.9626817350810477 -0.22129953045375328 -1.6014232254157612
0.8221869114956475 0.8267758323262224 0.9923576560813928
-0.6374192974993893 -0.5557419627018545 -1.0111257909557194
0.2706903475718754 -0.5111883495004717 0.4664274433682617
-0.15885204394363495 -0.30022290808092134 -0.30221859089179615
0.3396845753191944 0.4969334903996758 0.5857798893938947
0.5124853971541528 -0.3127503038741144 0.9331173960204925
0.6436078751167436 -0.07826390881268908 1.1964970282816165
0.663935254565531 0.8235261044203654 0.8376153815465428
0.5166938535980521 -0.03770643377743066 0.9873142949328628
0.783100783591083 -0.4710827519339573 1.2572753265378078
0.5502066740356886 -0.40733812178259643 0.9601640149485422
-0.0748766201420823 0.41955235451536366 -0.136637588366193
0.38656884790691426 -0.15433387486033112 0.7450631257026218
0.2328180736386427 -0.6329525509074527 0.3720526950297718
0.7381362924021386 0.31638124806865986 1.2790244998680995
-0.6772527313700956 -0.7828223894691495 -0.8885029941664672
-0.6003347833858828 -0.25876533995471784 -1.0922214238187853
0.16258234729488485 0.39468829792671456 0.29884425266804365
-0.47228237121799443 0.15028630026945922 -0.8995845017048301
-0.8916547595427609 0.8021717625538063 -1.08180495366569
-0.5807387573227931 0.1131795271368341 -1.0902630749806073
-0.8801252065486784 0.5404397995938073 -1.321926974938118
-0.39281933701963423 0.007684718038403426 -0.7655664562766741
-0.8565132985429356 0.747399919398009 -1.1083486814747916
-0.28880869805639353 -0.9830086920954755 -0.315866948794155
0.7008290078911612 0.49493763090164067 1.1349365389523505
-0.4978195008656394 -0.1030068703186644 -0.9499595547858583
0.31049372502840056 -0.37885690298545516 0.5677262815863254
0.11923317799430255 -0.6700318038970001 0.18646783118825247
-0.7207451082588914 -0.1030907893421289 -1.3128818394253683
0.21884462136530192 0.5113947095688518 0.37865306009542604
0.5520054091214628 -0.21857233699156353 1.023838836558654
-0.7408495339964083 0.25605043002566075 -1.305822609902346
0.7087117387026698 -0.9417430522136652 0.7659009822131788
0.7787197059736408 0.43513915402183057 1.2738318138677354
-0.7460865727818686 0.8364779563173901 -0.9096624137003381
0.6101556105306223 -0.4048678172077169 1.053341831161765
0.6077995489896528 0.9938124734077551 0.6230275133388661
-0.13362571566898618 0.33669239430653697 -0.2514959380980961
-0.33895897394318375 0.32066245267380133 -0.6311132384680178
0.004606109999824248 -0.5421094791544268 0.007891364393699259
-0.5816962530582461 -0.06729100684610789 -1.0963970215999548
-0.7546365118973806 0.13516737271761037 -1.3575513177029581
0.3138736228836003 0.43792170993985535 0.5592210945855586
0.26490569173599665 -0.642618908303086 0.4191862096357669
-0.9113088334100368 0.8130693435059608 -1.0863110192625454
0.07256718366551196 -0.11142375431612006 0.14410780284554756
0.38412698481230123 -0.7816401846113963 0.5319642623343258
0.029100623451773888 -0.5581646019976751 0.0493609958786493
0.23324672287803816 0.7192771903876913 0.3477612895591871
-0.2252690024141426 0.2971277316746206 -0.42716173786010425
